site,dist,site_name,start,end,lat,lon,source,state,height,bar_ht,wmo,location,path,loc_lat,loc_lon
001006,01,WYNDHAM AERO,1951,..,-15.5100,128.1503,GPS,WA,3.8,4.3,95214,"Wyndham, WA ",/places/wa/wyndham/,-15.510,128.150
001007,01,TROUGHTON ISLAND,1956,..,-13.7542,126.1485,GPS,WA,6.0,8.0,94102,"Unnamed location, WA ",/places/wa/F3ZC/?location=Unnamed location,-13.754,126.148
001018,01,MOUNT ELIZABETH,1973,..,-16.4181,126.1025,GPS,WA,546.0,547.0,94211,"Gibb, WA ",/places/wa/F2PS/?location=Gibb,-16.418,126.103
001019,01,KALUMBURU,1997,..,-14.2964,126.6453,GPS,WA,23.0,24.0,94100,"Kalumburu, WA ",/places/wa/kalumburu/,-14.296,126.645
001020,01,TRUSCOTT,1944,..,-14.0900,126.3867,GPS,WA,51.0,52.5,95101,"Mitchell Plateau, WA ",/places/wa/F98F/?location=Mitchell Plateau,-14.090,126.387
001021,01,KALUMBURU MISSION,1941,2005,-14.2961,126.6431,GPS,WA,23.0,24.0,94101,"Kalumburu, WA ",/places/wa/kalumburu/,-14.296,126.643
001025,01,DOONGAN,1988,..,-15.3797,126.3114,GPS,WA,385.0,386.0,94215,"Drysdale River, WA ",/places/wa/F8B2/?location=Drysdale River,-15.380,126.311
001036,01,DOONGAN ASA,2012,..,-15.3792,126.3108,GPS,WA,383.5,384.9,99215,"Drysdale River, WA ",/places/wa/F8B2/?location=Drysdale River,-15.379,126.311
002012,02,HALLS CREEK METEOROLOGICAL OFFICE,1944,..,-18.2291,127.6636,GPS,WA,422.0,423.9,99201,"Halls Creek, WA ",/places/wa/halls-creek/,-18.229,127.664
002032,02,WARMUN,1897,..,-17.0154,128.2174,GPS,WA,203.0,205.0,94213,"Durack, WA ",/places/wa/DZB2/?location=Durack,-17.015,128.217
002056,02,KUNUNURRA AERO,1971,..,-15.7814,128.7100,GPS,WA,44.0,44.4,94216,"Unnamed location, WA ",/places/wa/FBD8/?location=Unnamed location,-15.781,128.710
002064,02,ARGYLE AERODROME,1986,..,-16.6380,128.4516,GPS,WA,164.0,165.0,94217,"Unnamed location,  ",/places//DZCR/?location=Unnamed location,-16.638,128.452
002081,02,HALLS CREEK AIRPORT (AUTO EVAP),2024,..,-18.2337,127.6666,GPS,WA,409.4,410.7,99288,"Halls Creek, WA ",/places/wa/halls-creek/,-18.234,127.667
003003,03,BROOME AIRPORT,1939,..,-17.9475,122.2352,GPS,WA,7.4,8.7,94203,"Broome, WA ",/places/wa/broome/,-17.948,122.235
003030,03,BIDYADANGA,1891,..,-18.6844,121.7803,GPS,WA,11.0,12.0,94202,"Lagrange, WA ",/places/wa/9YTQ/?location=Lagrange,-18.684,121.780
003032,03,DERBY AERO,1951,..,-17.3706,123.6611,GPS,WA,6.2,6.7,95205,"Unnamed location, WA ",/places/wa/DPT3/?location=Unnamed location,-17.371,123.661
003057,03,CYGNET BAY,1963,..,-16.4513,123.0087,GPS,WA,7.0,9.0,94201,"Dampier Peninsula, WA ",/places/wa/F04E/?location=Dampier Peninsula,-16.451,123.009
003080,03,CURTIN AERO,1989,..,-17.5768,123.8297,GPS,WA,77.5,78.0,94204,"Willare, WA ",/places/wa/DPQH/?location=Willare,-17.577,123.830
003093,03,FITZROY CROSSING AERO,1997,..,-18.1814,125.5619,GPS,WA,114.5,115.0,94206,"Fitzroy Crossing, WA ",/places/wa/fitzroy-crossing/,-18.181,125.562
003102,03,BROOME WHARF NTC AWS,1991,..,-18.0019,122.2162,GPS,WA,0.0,1.3,95202,"Minyirr, WA ",/places/wa/9ZPK/?location=Minyirr,-18.002,122.216
003108,03,YAMPI SOUND (DEFENCE),2018,..,-16.7671,123.9810,GPS,WA,41.3,41.9,95208,"Kimbolton, WA ",/places/wa/DPYT/?location=Kimbolton,-16.767,123.981
003111,03,BROOME AIRPORT (AUTO EVAP),2024,..,-17.9475,122.2352,GPS,WA,7.4,8.7,99289,"Broome, WA ",/places/wa/broome/,-17.948,122.235
004019,04,MANDORA,1913,..,-19.7419,120.8433,GPS,WA,7.5,8.0,94200,"Eighty Mile Beach, WA ",/places/wa/9Y19/?location=Eighty Mile Beach,-19.742,120.843
004028,04,PARDOO STATION,1904,..,-20.1078,119.5811,GPS,WA,9.0,10.0,94311,"Pardoo, WA ",/places/wa/9TU4/?location=Pardoo,-20.108,119.581
004032,04,PORT HEDLAND AIRPORT,1942,..,-20.3725,118.6317,GPS,WA,6.4,7.3,94312,"Wedgefield, WA ",/places/wa/wedgefield/,-20.372,118.632
004083,04,KARRATHA AERO,1971,..,-20.7097,116.7742,GPS,WA,5.3,5.8,95307,"Burrup, WA ",/places/wa/9M2Q/?location=Burrup,-20.710,116.774
004090,04,ROEBOURNE AERO,2001,..,-20.7594,117.1583,GPS,WA,10.7,11.2,94308,"Unnamed location, WA ",/places/wa/9M6J/?location=Unnamed location,-20.759,117.158
004095,04,LEGENDRE ISLAND,1992,..,-20.3583,116.8431,GPS,WA,29.0,29.5,94307,"Dampier Archipelago, WA ",/places/wa/9M8T/?location=Dampier Archipelago,-20.358,116.843
004100,04,BEDOUT ISLAND,1993,..,-19.5894,119.1000,.....,WA,8.6,9.4,94310,"Unnamed location, WA ",/places/wa/9W4H/?location=Unnamed location,-19.589,119.100
004106,04,MARBLE BAR,2000,..,-21.1756,119.7497,GPS,WA,182.3,182.8,95317,"Marble Bar, WA ",/places/wa/marble-bar/,-21.176,119.750
004109,04,PORT HEDLAND AIRPORT (AUTO EVAP),2024,..,-20.3725,118.6317,GPS,WA,6.4,7.3,99292,"Wedgefield, WA ",/places/wa/wedgefield/,-20.372,118.632
005007,05,LEARMONTH AIRPORT,1945,..,-22.2406,114.0967,GPS,WA,5.0,5.5,94302,"Learmonth, WA ",/places/wa/8UMP/?location=Learmonth,-22.241,114.097
005008,05,MARDIE,1885,..,-21.1906,115.9797,GPS,WA,11.0,12.0,94306,"Mardie, WA ",/places/wa/9JJH/?location=Mardie,-21.191,115.980
005017,05,ONSLOW AIRPORT,1940,..,-21.6689,115.1092,GPS,WA,10.5,11.0,95305,"Onslow, WA ",/places/wa/onslow/,-21.669,115.109
005026,NA,WITTENOOM,1949,2019,-22.2425,118.3358,Unknown,WA,463.0,464.0,94313,"Wittenoom, WA ",/places/wa/wittenoom/,-22.242,118.336
005094,05,BARROW ISLAND AIRPORT,1998,..,-20.8740,115.4066,.....,WA,6.4,6.9,95304,"Barrow Island, WA ",/places/wa/9J6E/?location=Barrow Island,-20.874,115.407
005098,05,KARIJINI NORTH,2018,..,-22.2999,118.4498,GPS,WA,474.0,474.5,94330,"Karijini, WA ",/places/wa/9KRQ/?location=Karijini,-22.300,118.450
005102,05,LEARMONTH AIRPORT (AUTO EVAP),2024,..,-22.2406,114.0967,GPS,WA,5.0,5.5,99293,"Learmonth, WA ",/places/wa/8UMP/?location=Learmonth,-22.241,114.097
006011,06,CARNARVON AIRPORT,1945,..,-24.8878,113.6700,GPS,WA,4.0,4.5,94300,"Carnarvon, WA ",/places/wa/carnarvon/,-24.888,113.670
006022,06,GASCOYNE JUNCTION,1907,..,-25.0544,115.2100,GPS,WA,144.0,145.0,94410,"Gascoyne Junction, WA ",/places/wa/gascoyne-junction/,-25.054,115.210
006044,06,DENHAM,1893,..,-25.9265,113.5325,.....,WA,6.0,2.8,94402,"Denham, WA ",/places/wa/denham/,-25.927,113.532
006072,06,EMU CREEK STATION,1898,..,-23.0314,115.0414,GPS,WA,111.0,112.0,94318,"Yannarie, WA ",/places/wa/95CP/?location=Yannarie,-23.031,115.041
006092,06,BILLABONG ASA,1969,..,-26.8156,114.6133,GPS,WA,129.6,130.4,94406,"Meadow, WA ",/places/wa/8CXK/?location=Meadow,-26.816,114.613
006099,06,MURCHISON,1987,..,-26.8956,115.9567,.....,WA,287.0,288.0,94422,"Murchison, WA ",/places/wa/murchison/,-26.896,115.957
006105,06,SHARK BAY AIRPORT,2000,..,-25.8925,113.5772,GPS,WA,33.8,34.3,95402,"Francois Peron National Park, WA ",/places/wa/8F5N/?location=Francois Peron National Park,-25.892,113.577
006108,06,CAPE CUVIER WHARF,2008,..,-24.2201,113.3975,SURVEY,WA,12.4,..,95301,"Macleod, WA ",/places/wa/8G62/?location=Macleod,-24.220,113.397
006115,6,CARDABIA EAST,2024,..,-23.1289,114.0506,GPS,WA,91.0,..,94111,"Lyndon, WA ",/places/wa/8GVJ/?location=Lyndon,-23.129,114.051
007045,07A,MEEKATHARRA AIRPORT,1944,..,-26.6136,118.5372,GPS,WA,517.0,517.9,94430,"Unnamed location, WA ",/places/wa/93ZB/?location=Unnamed location,-26.614,118.537
007139,07A,PAYNES FIND,1919,..,-29.2708,117.6836,GPS,WA,339.0,340.0,94404,"Paynes Find, WA ",/places/wa/paynes-find/,-29.271,117.684
007151,07,NEWMAN,1965,2003,-23.3683,119.7314,GPS,WA,544.0,545.0,95314,"Newman, WA ",/places/wa/newman/,-23.368,119.731
007176,07,NEWMAN AERO,1971,..,-23.4213,119.8023,SURVEY,WA,524.0,524.4,94317,"Unnamed location, WA ",/places/wa/9EV0/?location=Unnamed location,-23.421,119.802
007185,07,PARABURDOO AERO,1974,..,-23.1726,117.7493,GPS,WA,423.7,424.2,94316,"Rocklea, WA ",/places/wa/97UT/?location=Rocklea,-23.173,117.749
007301,07A,MEEKATHARRA AIRPORT (AUTO EVAP),2024,..,-26.6136,118.5372,GPS,WA,517.0,517.9,99294,"Unnamed location, WA ",/places/wa/93ZB/?location=Unnamed location,-26.614,118.537
007600,07A,MOUNT MAGNET AERO,1995,..,-28.1156,117.8425,GPS,WA,407.0,408.5,94429,"Mount Magnet, WA ",/places/wa/92UF/?location=Mount Magnet,-28.116,117.843
008025,08,CARNAMAH,1887,..,-29.6883,115.8857,.....,WA,268.0,..,94415,"Carnamah, WA ",/places/wa/carnamah/,-29.688,115.886
008051,08,GERALDTON AIRPORT COMPARISON,1941,2014,-28.7953,114.6975,GPS,WA,33.0,35.0,95403,"Narngulu, WA ",/places/wa/narngulu/,-28.795,114.698
008093,08,MORAWA,1911,2005,-29.2103,116.0089,GPS,WA,274.0,..,94416,"Unnamed location, WA ",/places/wa/90JH/?location=Unnamed location,-29.210,116.009
008095,08,MULLEWA,1896,..,-28.5367,115.5142,GPS,WA,268.0,..,94411,"Mullewa, WA ",/places/wa/mullewa/,-28.537,115.514
008137,08,WONGAN HILLS,1907,..,-30.8917,116.7186,GPS,WA,283.0,282.0,94622,"Wongan Hills, WA ",/places/wa/wongan-hills/,-30.892,116.719
008138,08,WONGAN HILLS RES.STATION,1937,..,-30.8408,116.7267,GPS,WA,305.0,..,95601,"Wongan Hills, WA ",/places/wa/3R07/?location=Wongan Hills,-30.841,116.727
008225,08,ENEABBA,1964,2017,-29.8183,115.2722,GPS,WA,100.0,..,94414,"Eneabba, WA ",/places/wa/eneabba/,-29.818,115.272
008251,08,KALBARRI,1970,..,-27.7119,114.1650,GPS,WA,6.0,7.0,94401,"Kalbarri, WA ",/places/wa/kalbarri/,-27.712,114.165
008290,08,NORTH ISLAND,1990,..,-28.3009,113.5937,GPS,WA,2.2,2.7,94405,"Houtman Abrolhos, WA ",/places/wa/8BEN/?location=Houtman Abrolhos,-28.301,113.594
008296,08,MORAWA AIRPORT,1997,..,-29.2039,116.0247,GPS,WA,271.4,271.9,94417,"Morawa, WA ",/places/wa/morawa/,-29.204,116.025
008297,08,DALWALLINU,1997,..,-30.2761,116.6714,GPS,WA,324.5,325.5,95629,"Dalwallinu, WA ",/places/wa/dalwallinu/,-30.276,116.671
008315,08,GERALDTON AIRPORT,2011,..,-28.8047,114.6989,SURVEY,WA,29.7,30.2,94403,"Moonyoonooka, WA ",/places/wa/8BRU/?location=Moonyoonooka,-28.805,114.699
008325,08,GERALDTON BE10,2024,..,-28.7518,114.5866,SURVEY,WA,10.2,9.6,94104,"Wonthella, WA ",/places/wa/wonthella/,-28.752,114.587
008326,08,GERALDTON AIRPORT (AUTO EVAP),2024,..,-28.8047,114.6989,SURVEY,WA,29.7,30.2,99295,"Moonyoonooka, WA ",/places/wa/8BRU/?location=Moonyoonooka,-28.805,114.699
009021,09,PERTH AIRPORT,1944,..,-31.9275,115.9764,GPS,WA,15.4,20.0,94610,"Perth Airport, WA ",/places/wa/perth-airport/,-31.927,115.976
009037,09,BADGINGARRA RESEARCH STN,1962,..,-30.3381,115.5394,GPS,WA,275.0,..,94603,"Badgingarra, WA ",/places/wa/3P7M/?location=Badgingarra,-30.338,115.539
009053,09,PEARCE RAAF,1937,..,-31.6669,116.0189,GPS,WA,40.0,46.2,94612,"Bullsbrook, WA ",/places/wa/bullsbrook/,-31.667,116.019
009091,09,INNER DOLPHIN PYLON,1999,..,-31.9889,115.8311,GPS,WA,0.0,..,95620,"Como, WA ",/places/wa/como/,-31.989,115.831
009106,09,GOSNELLS CITY,1961,..,-32.0481,115.9844,GPS,WA,10.0,..,95604,"Maddington, WA ",/places/wa/maddington/,-32.048,115.984
009111,09,KARNET,1963,..,-32.4389,116.0789,.....,WA,286.0,..,95614,"Keysbrook, WA ",/places/wa/3NJE/?location=Keysbrook,-32.439,116.079
009114,09,LANCELIN,1965,2021,-31.0160,115.3322,GPS,WA,1.5,2.5,95606,"Lancelin, WA ",/places/wa/lancelin/,-31.016,115.332
009131,09,JURIEN BAY,1968,..,-30.3081,115.0311,GPS,WA,1.6,4.7,95600,"Jurien Bay, WA ",/places/wa/jurien-bay/,-30.308,115.031
009172,09,JANDAKOT AERO,1972,..,-32.1011,115.8794,GPS,WA,30.0,30.7,94609,"Jandakot, WA ",/places/wa/jandakot/,-32.101,115.879
009178,09,GINGIN AERO,1968,..,-31.4628,115.8642,GPS,WA,73.0,74.5,95612,"Yeal, WA ",/places/wa/3NSX/?location=Yeal,-31.463,115.864
009193,09,ROTTNEST ISLAND,1983,..,-32.0069,115.5022,GPS,WA,43.1,43.1,94602,"Rottnest Island, WA ",/places/wa/rottnest-island/,-32.007,115.502
009194,09,MEDINA RESEARCH CENTRE,1983,2018,-32.2208,115.8075,GPS,WA,14.0,..,95608,"Hope Valley, WA ",/places/wa/hope-valley/,-32.221,115.808
009214,09,OCEAN REEF,1985,..,-31.7594,115.7278,GPS,WA,10.0,..,94607,"Joondalup, WA ",/places/wa/joondalup/,-31.759,115.728
009215,09,SWANBOURNE,1985,..,-31.9560,115.7619,GPS,WA,41.0,..,94614,"Swanbourne, WA ",/places/wa/swanbourne/,-31.956,115.762
009224,09,FREMANTLE PORT,1952,2011,-32.0544,115.7414,GPS,WA,60.0,..,94618,"Fremantle, WA ",/places/wa/fremantle/,-32.054,115.741
009225,09,PERTH METRO,1993,..,-31.9192,115.8728,GPS,WA,24.9,25.4,94608,"Dianella, WA ",/places/wa/dianella/,-31.919,115.873
009240,09,BICKLEY,1969,..,-32.0072,116.1369,GPS,WA,384.0,385.0,95610,"Reservoir, WA ",/places/wa/reservoir/,-32.007,116.137
009254,09,ARMAMENT JETTY,2001,..,-32.1758,115.6808,GPS,WA,9.0,..,99254,"Garden Island, WA ",/places/wa/garden-island/,-32.176,115.681
009255,09,COLPOYS POINT,2001,..,-32.2272,115.6994,GPS,WA,3.0,..,99255,"Garden Island, WA ",/places/wa/3N5Z/?location=Garden Island,-32.227,115.699
009256,09,GARDEN ISLAND HSF,2001,..,-32.2433,115.6839,GPS,WA,6.0,6.5,95607,"Garden Island, WA ",/places/wa/3N5Z/?location=Garden Island,-32.243,115.684
009265,09,HILLARYS BOAT HARBOUR NTC AWS,1991,..,-31.8256,115.7386,MAP 1:250 000,WA,0.0,1.3,95605,"Sorrento, WA ",/places/wa/3NKP/?location=Sorrento,-31.826,115.739
009272,09,PERTH RADAR,2010,..,-32.3917,115.8670,GPS,WA,15.0,..,99095,"Hopeland, WA ",/places/wa/hopeland/,-32.392,115.867
009280,09,LANCELIN (DEFENCE),2018,..,-30.8392,115.2283,SURVEY,WA,3.4,4.1,95609,"Wedge Island, WA ",/places/wa/3P1G/?location=Wedge Island,-30.839,115.228
009281,09,MILLENDON (SWAN VALLEY),2017,..,-31.8112,116.0227,SURVEY,WA,15.6,16.4,94795,"Millendon, WA ",/places/wa/millendon/,-31.811,116.023
009289,09,PERTH AIRPORT (AUTO EVAP),2024,..,-31.9275,115.9764,GPS,WA,15.4,20.0,99296,"Perth Airport, WA ",/places/wa/perth-airport/,-31.927,115.976
009500,09A,ALBANY,1877,..,-35.0289,117.8808,GPS,WA,3.0,..,94801,"Albany, WA ",/places/wa/albany/,-35.029,117.881
009510,09A,BRIDGETOWN COMPARISON,1887,..,-33.9575,116.1375,GPS,WA,149.9,150.7,94616,"Bridgetown, WA ",/places/wa/bridgetown/,-33.958,116.138
009518,09A,CAPE LEEUWIN,1897,..,-34.3728,115.1358,GPS,WA,13.0,14.0,94601,"Leeuwin, WA ",/places/wa/leeuwin/,-34.373,115.136
009519,09A,CAPE NATURALISTE,1903,..,-33.5372,115.0189,GPS,WA,109.0,109.5,94600,"Naturaliste, WA ",/places/wa/3J3J/?location=Naturaliste,-33.537,115.019
009534,09A,DONNYBROOK,1900,..,-33.5719,115.8247,GPS,WA,63.0,..,95622,"Donnybrook, WA ",/places/wa/3JKM/?location=Donnybrook,-33.572,115.825
009538,09A,DWELLINGUP,1934,..,-32.7103,116.0594,GPS,WA,267.0,268.0,94620,"Marrinup, WA ",/places/wa/marrinup/,-32.710,116.059
009542,09A,ESPERANCE AERO,1950,..,-33.6825,121.8275,GPS,WA,142.0,142.5,95638,"Gibson, WA ",/places/wa/3VMD/?location=Gibson,-33.682,121.828
009573,09A,MANJIMUP,1915,..,-34.2508,116.1450,GPS,WA,286.7,287.2,94617,"Manjimup, WA ",/places/wa/manjimup/,-34.251,116.145
009581,09A,MOUNT BARKER,1886,..,-34.6250,117.6361,GPS,WA,300.0,..,94630,"Mount Barker, WA ",/places/wa/mount-barker/,-34.625,117.636
009592,09A,PEMBERTON,1941,..,-34.4478,116.0433,GPS,WA,174.0,175.0,95613,"Pemberton, WA ",/places/wa/pemberton/,-34.448,116.043
009603,09A,BUSSELTON AERO,1997,..,-33.6818,115.4026,GPS,WA,16.3,16.9,95611,"Kalgup, WA ",/places/wa/kalgup/,-33.682,115.403
009617,09A,BRIDGETOWN,1997,..,-33.9486,116.1311,GPS,WA,178.7,179.0,95632,"Bridgetown, WA ",/places/wa/bridgetown/,-33.949,116.131
009741,09A,ALBANY AIRPORT COMPARISON,1942,2014,-34.9414,117.8022,GPS,WA,68.0,69.0,95802,"Willyung, WA ",/places/wa/3KSC/?location=Willyung,-34.941,117.802
009789,09A,ESPERANCE,1969,..,-33.8300,121.8925,GPS,WA,25.0,27.0,94638,"Esperance, WA ",/places/wa/esperance/,-33.830,121.892
009842,09A,JARRAHWOOD,1975,..,-33.7964,115.6658,GPS,WA,130.0,..,95623,"Yoganup, WA ",/places/wa/3J7B/?location=Yoganup,-33.796,115.666
009871,09A,WINDY HARBOUR,1984,..,-34.8373,116.0260,GPS,WA,4.5,2.9,94640,"Windy Harbour, WA ",/places/wa/windy-harbour/,-34.837,116.026
009937,09A,BUSSELTON JETTY,1997,..,-33.6294,115.3383,GPS,WA,3.0,..,95602,"Busselton, WA ",/places/wa/busselton/,-33.629,115.338
009961,09A,HOPETOUN NORTH,1995,..,-33.9306,120.1283,GPS,WA,26.0,27.0,95635,"Hopetoun, WA ",/places/wa/hopetoun/,-33.931,120.128
009964,09A,ROCKY GULLY,1995,..,-34.5714,117.0106,GPS,WA,250.0,250.5,94631,"Rocky Gully, WA ",/places/wa/3KC3/?location=Rocky Gully,-34.571,117.011
009965,09A,BUNBURY,1995,..,-33.3567,115.6447,GPS,WA,5.2,6.2,94604,"Bunbury, WA ",/places/wa/bunbury/,-33.357,115.645
009968,09A,SHANNON,1996,..,-34.5683,116.3367,GPS,WA,210.0,..,95617,"Shannon, WA ",/places/wa/3HY9/?location=Shannon,-34.568,116.337
009977,09A,MANDURAH,2001,..,-32.5219,115.7119,GPS,WA,3.0,3.5,94605,"Meadow Springs, WA ",/places/wa/meadow-springs/,-32.522,115.712
009983,09A,STYLES TOWER,2002,..,-33.9123,115.8999,GPS,WA,376.0,..,99694,"Nannup, WA ",/places/wa/3JHY/?location=Nannup,-33.912,115.900
009994,09A,COLLIE EAST,2002,..,-33.3608,116.1717,GPS,WA,200.0,..,95621,"Collie, WA ",/places/wa/collie/,-33.361,116.172
009998,09A,NORTH WALPOLE,2004,..,-34.9469,116.7222,GPS,WA,73.0,73.5,95647,"North Walpole, WA ",/places/wa/3K81/?location=North Walpole,-34.947,116.722
009999,09A,ALBANY AIRPORT,2012,..,-34.9411,117.8158,SURVEY,WA,68.4,70.0,94802,"Willyung, WA ",/places/wa/3KSC/?location=Willyung,-34.941,117.816
010007,10,BENCUBBIN,1912,..,-30.8081,117.8603,GPS,WA,359.0,353.5,94632,"Bencubbin, WA ",/places/wa/bencubbin/,-30.808,117.860
010035,10,CUNDERDIN,1914,2012,-31.6494,117.2331,GPS,WA,220.0,..,94626,"Cunderdin, WA ",/places/wa/cunderdin/,-31.649,117.233
010058,10,GOOMALLING,1887,..,-31.2994,116.8269,GPS,WA,239.0,..,95631,"Goomalling, WA ",/places/wa/goomalling/,-31.299,116.827
010073,10,KELLERBERRIN,1892,..,-31.6183,117.7217,GPS,WA,250.0,..,95603,"Kellerberrin, WA ",/places/wa/kellerberrin/,-31.618,117.722
010092,10,MERREDIN,1903,..,-31.4756,118.2789,GPS,WA,315.0,..,95624,"Merredin, WA ",/places/wa/merredin/,-31.476,118.279
010111,10,NORTHAM,1877,..,-31.6508,116.6586,GPS,WA,170.0,..,94621,"Northam, WA ",/places/wa/northam/,-31.651,116.659
010286,10,CUNDERDIN AIRFIELD,1942,..,-31.6219,117.2217,GPS,WA,216.7,217.2,95625,"Cunderdin, WA ",/places/wa/3QDK/?location=Cunderdin,-31.622,117.222
010311,10,YORK,1996,..,-31.8997,116.7650,GPS,WA,179.0,199.1,94623,"Balladong, WA ",/places/wa/balladong/,-31.900,116.765
010515,10A,BEVERLEY,1886,..,-32.1083,116.9247,GPS,WA,199.0,..,95615,"Beverley, WA ",/places/wa/beverley/,-32.108,116.925
010524,10A,BROOKTON,1908,..,-32.3728,117.0086,GPS,WA,250.0,..,94625,"Brookton, WA ",/places/wa/brookton/,-32.373,117.009
010536,10A,CORRIGIN,1910,..,-32.3292,117.8733,GPS,WA,295.0,296.3,94633,"Corrigin, WA ",/places/wa/corrigin/,-32.329,117.873
010568,10A,HYDEN,1928,..,-32.4419,118.8983,GPS,WA,299.0,..,95627,"Hyden, WA ",/places/wa/3W17/?location=Hyden,-32.442,118.898
010579,10A,KATANNING COMPARISON,1891,2012,-33.6886,117.5553,GPS,WA,310.0,311.0,94629,"Katanning, WA ",/places/wa/katanning/,-33.689,117.555
010612,10A,NAREMBEEN,1927,..,-32.0656,118.3956,GPS,WA,276.0,..,95626,"Wadderin, WA ",/places/wa/3QR7/?location=Wadderin,-32.066,118.396
010614,10A,NARROGIN,1891,..,-32.9342,117.1797,GPS,WA,338.0,..,94627,"Narrogin, WA ",/places/wa/narrogin/,-32.934,117.180
010622,10A,ONGERUP,1914,..,-33.9634,118.4788,GPS,WA,286.0,288.0,95628,"Mindarabin, WA ",/places/wa/3MPT/?location=Mindarabin,-33.963,118.479
010626,10A,PINGELLY,1891,..,-32.5336,117.0831,GPS,WA,297.0,..,95616,"East Pingelly, WA ",/places/wa/3Q1C/?location=East Pingelly,-32.534,117.083
010633,10A,RAVENSTHORPE,1901,..,-33.5803,120.0458,GPS,WA,232.0,234.0,94636,"Ravensthorpe, WA ",/places/wa/ravensthorpe/,-33.580,120.046
010647,10A,WAGIN,1891,..,-33.3075,117.3403,GPS,WA,256.0,..,95618,"Wagin, WA ",/places/wa/wagin/,-33.307,117.340
010648,10A,WANDERING COMPARISON,1887,2003,-32.6814,116.6756,GPS,WA,280.0,..,94624,"Wandering, WA ",/places/wa/wandering/,-32.681,116.676
010692,10A,NEWDEGATE RESEARCH STATION,1954,..,-33.1129,118.8400,GPS,WA,320.0,321.0,94628,"Mallee Hill, WA ",/places/wa/3T9N/?location=Mallee Hill,-33.113,118.840
010905,10A,JACUP,1993,..,-33.8878,119.1092,GPS,WA,305.0,306.0,95636,"Jerramungup, WA ",/places/wa/3T4N/?location=Jerramungup,-33.888,119.109
010911,10A,LAKE GRACE,1997,..,-33.1006,118.4647,GPS,WA,286.0,286.5,95637,"Lake Grace, WA ",/places/wa/lake-grace/,-33.101,118.465
010916,10A,KATANNING,1999,..,-33.6856,117.6064,GPS,WA,320.0,321.0,94641,"Unnamed location, WA ",/places/wa/3M7F/?location=Unnamed location,-33.686,117.606
010917,10A,WANDERING,1998,..,-32.6722,116.6706,GPS,WA,275.0,275.5,95640,"Wandering, WA ",/places/wa/3MBP/?location=Wandering,-32.672,116.671
011003,11,EUCLA,1876,..,-31.6797,128.8958,GPS,WA,93.1,93.6,94647,"Unnamed location, WA ",/places/wa/6YE6/?location=Unnamed location,-31.680,128.896
011017,11,BALLADONIA,1891,2022,-32.4569,123.8653,GPS,WA,151.0,149.0,94642,"Balladonia, WA ",/places/wa/balladonia/,-32.457,123.865
011019,11,EYRE,1885,..,-32.2464,126.3008,GPS,WA,5.6,6.1,94645,"Cocklebiddy, WA ",/places/wa/6W0R/?location=Cocklebiddy,-32.246,126.301
011023,11,CAIGUNA ASA,1962,..,-32.2653,125.4894,GPS,WA,109.0,110.0,95645,"Caiguna, WA ",/places/wa/6QHZ/?location=Caiguna,-32.265,125.489
011052,11,FORREST,1993,..,-30.8453,128.1092,GPS,WA,159.0,160.0,95646,"Forrest, WA ",/places/wa/forrest/,-30.845,128.109
011053,11,RED ROCKS POINT,1999,..,-32.2028,127.5297,GPS,WA,3.1,3.6,94644,"Madura, WA ",/places/wa/6WM8/?location=Madura,-32.203,127.530
012009,12,NORSEMAN AERO,1999,..,-32.2147,121.7547,GPS,WA,262.5,263.0,95642,"Norseman, WA ",/places/wa/norseman/,-32.215,121.755
012038,12,KALGOORLIE-BOULDER AIRPORT,1939,..,-30.7847,121.4533,GPS,WA,365.3,366.0,94637,"Yilkari, WA ",/places/wa/yilkari/,-30.785,121.453
012044,12,MUNGLINUP WEST,2002,..,-33.5547,120.6997,GPS,WA,220.0,220.5,95644,"Munglinup, WA ",/places/wa/3V2V/?location=Munglinup,-33.555,120.700
012071,12,SALMON GUMS RES.STN.,1932,..,-32.9869,121.6239,GPS,WA,249.0,..,95639,"Salmon Gums, WA ",/places/wa/salmon-gums/,-32.987,121.624
012090,12,YEELIRRIE,1928,..,-27.2842,120.0931,GPS,WA,487.0,488.0,94440,"Sir Samuel, WA ",/places/wa/99Q6/?location=Sir Samuel,-27.284,120.093
012239,12,BULGA DOWNS,1924,..,-28.4967,119.7436,GPS,WA,438.5,440.0,94444,"Sandstone, WA ",/places/wa/98SF/?location=Sandstone,-28.497,119.744
012241,12,LEONORA AERO,2007,..,-28.8789,121.3186,GPS,WA,370.0,370.9,94450,"Leonora, WA ",/places/wa/leonora/,-28.879,121.319
012305,12,LAVERTON AERO,1991,..,-28.6133,122.4236,GPS,WA,464.3,464.8,94449,"Laverton, WA ",/places/wa/laverton/,-28.613,122.424
012314,12,LEINSTER AERO,1994,..,-27.8386,120.7031,GPS,WA,497.0,498.0,95448,"Unnamed location, WA ",/places/wa/9BBZ/?location=Unnamed location,-27.839,120.703
012320,12,SOUTHERN CROSS AIRFIELD,1996,..,-31.2353,119.3564,GPS,WA,347.4,347.9,95634,"Unnamed location, WA ",/places/wa/3WG7/?location=Unnamed location,-31.235,119.356
012323,12,KALGOORLIE-BOULDER AIRPORT (AUTO EVAP),2024,..,-30.7847,121.4533,GPS,WA,365.3,366.0,99299,"Yilkari, WA ",/places/wa/yilkari/,-30.785,121.453
013007,13,BALGO HILLS,1940,2016,-20.1417,127.9867,GPS,WA,420.0,421.0,94320,"Tanami, WA ",/places/wa/DTZ3/?location=Tanami,-20.142,127.987
013011,13,WARBURTON AIRFIELD,1940,..,-26.1317,126.5839,GPS,WA,459.0,459.5,94457,"Warburton, WA ",/places/wa/warburton/,-26.132,126.584
013012,13,WILUNA,1898,2019,-26.5914,120.2258,GPS,WA,521.0,519.0,94439,"Wiluna, WA ",/places/wa/wiluna/,-26.591,120.226
013015,13,CARNEGIE,1942,..,-25.7964,122.9753,GPS,WA,448.0,449.0,94451,"Lake Carnegie, WA ",/places/wa/D462/?location=Lake Carnegie,-25.796,122.975
013017,13,GILES METEOROLOGICAL OFFICE,1956,..,-25.0341,128.3010,GPS,WA,598.0,599.0,94461,"Ngaanyatjarra-Giles, WA ",/places/wa/DF8Z/?location=Ngaanyatjarra-Giles,-25.034,128.301
013030,13,TELFER AERO,1974,..,-21.7125,122.2281,GPS,WA,291.9,292.5,94319,"Telfer, WA ",/places/wa/telfer/,-21.712,122.228
013044,13,WILUNA AERO,2017,..,-26.6273,120.2195,GPS,WA,502.4,503.1,95439,"Wiluna, WA ",/places/wa/99WZ/?location=Wiluna,-26.627,120.219
013045,13,BALGO HILLS ASA,2012,..,-20.1350,127.9892,Unknown,WA,421.1,422.6,94315,"Tanami, WA ",/places/wa/DTZ3/?location=Tanami,-20.135,127.989
014003,14GA,DARWIN PROFILER 050MHZ,1980,..,-12.4444,130.9542,.....,NT,35.0,..,99101,"Knuckey Lagoon, NT ",/places/nt/G4EG/?location=Knuckey Lagoon,-12.444,130.954
014004,14GA,BERRIMAH RADAR,1998,..,-12.4600,130.9300,.....,NT,50.0,..,99091,"Knuckey Lagoon, NT ",/places/nt/G4EG/?location=Knuckey Lagoon,-12.460,130.930
014015,14GA,DARWIN AIRPORT,1941,..,-12.4239,130.8925,SURVEY,NT,30.4,31.3,94120,"Darwin, NT ",/places/nt/G4ES/?location=Darwin,-12.424,130.893
014031,14GA,CHARLES POINT,1996,..,-12.3895,130.6306,GPS,NT,14.0,15.5,99510,"Cox Peninsula, NT ",/places/nt/G4DS/?location=Cox Peninsula,-12.389,130.631
014041,14GA,MIDDLE POINT,2001,..,-12.6050,131.2988,GPS,NT,14.1,15.4,95121,"Humpty Doo, NT ",/places/nt/G4T2/?location=Humpty Doo,-12.605,131.299
014044,14GA,HOWARD SPRINGS AWS,1998,2012,-12.4862,131.0203,GPS,NT,47.0,..,99518,"Howard Springs, NT ",/places/nt/G4S4/?location=Howard Springs,-12.486,131.020
014056,14GA,FISH REEF MARINE,2003,2020,-12.4322,130.4428,.....,NT,13.0,..,94114,"Beagle Gulf, NT ",/places/nt/G49G/?location=Beagle Gulf,-12.432,130.443
014064,14GA,DARWIN PROFILER 920MHZ,2003,..,-12.4437,130.9553,GPS,NT,35.0,..,99102,"Knuckey Lagoon, NT ",/places/nt/G4EG/?location=Knuckey Lagoon,-12.444,130.955
014072,14GA,DARWIN NTC AWS,1990,..,-12.4719,130.8458,MAP 1:250 000,NT,0.0,1.3,95122,"Darwin Harbour, NT ",/places/nt/G4E7/?location=Darwin Harbour,-12.472,130.846
014142,14GA,PIRLANGIMPI AIRPORT,1963,..,-11.4021,130.4217,GPS,NT,18.3,19.3,94119,"Pirlangimpi, NT ",/places/nt/pirlangimpi/,-11.402,130.422
014153,14GA,BLACK POINT,1965,..,-11.1538,132.1430,GPS,NT,5.0,10.0,94134,"Black Point, NT ",/places/nt/black-point/,-11.154,132.143
014198,14GA,JABIRU AIRPORT,1984,..,-12.6592,132.8940,GPS,NT,26.5,28.0,94137,"Jabiru, NT ",/places/nt/G6KP/?location=Jabiru,-12.659,132.894
014245,14GA,CAPE DON,1989,2017,-11.3081,131.7651,GPS,NT,19.0,20.0,94129,"Cape Don, NT ",/places/nt/cape-don/,-11.308,131.765
014253,14GA,CHANNEL POINT,1990,..,-13.1672,130.1226,GPS,NT,3.0,4.0,94121,"Channel Point, NT ",/places/nt/channel-point/,-13.167,130.123
014254,14GA,POINT STUART,1992,..,-12.2403,131.8785,GPS,NT,1.0,1.5,94127,"Unnamed location,  ",/places//G4XZ/?location=Unnamed location,-12.240,131.879
014272,14GA,BATCHELOR AIRPORT,1992,..,-13.0544,131.0252,GPS,NT,104.0,105.0,94125,"Batchelor, NT ",/places/nt/batchelor/,-13.054,131.025
014274,14GA,MCCLUER ISLAND,1993,..,-11.0468,132.9791,GPS,NT,1.4,2.4,94135,"West Arnhem, NT ",/places/nt/G7KR/?location=West Arnhem,-11.047,132.979
014277,14GA,DUM IN MIRRIE AIRSTRIP,1994,..,-12.6350,130.3725,GPS,NT,3.5,4.2,94116,"Beagle Gulf, NT ",/places/nt/G43R/?location=Beagle Gulf,-12.635,130.373
014299,14DE,NGUKURR AIRPORT,2012,..,-14.7236,134.7456,MAP 1:250 000,NT,14.5,16.0,94106,"Wilton, NT ",/places/nt/G95Y/?location=Wilton,-14.724,134.746
014305,14GA,KATHERINE COUNTRY CLUB,2012,2022,-14.4728,132.2612,GPS,NT,106.0,..,94132,"Katherine, NT ",/places/nt/katherine/,-14.473,132.261
014308,14GA,CROKER ISLAND AIRPORT,2012,..,-11.1629,132.4813,GPS,NT,9.2,10.6,94108,"West Arnhem, NT ",/places/nt/G76M/?location=West Arnhem,-11.163,132.481
014309,14GA,MURGANELLA AIRSTRIP,2012,..,-11.5485,132.9266,GPS,NT,9.5,10.9,94109,"West Arnhem, NT ",/places/nt/G7HJ/?location=West Arnhem,-11.549,132.927
014310,14GA,OENPELLI AIRPORT,2012,..,-12.3272,133.0069,GPS,NT,7.5,8.9,94110,"Oenpelli, NT ",/places/nt/oenpelli/,-12.327,133.007
014311,14BC,ARAFURA (WARRUWI),2012,..,-11.6485,133.3800,SURVEY,NT,19.0,..,99103,"Warruwi, NT ",/places/nt/warruwi/,-11.649,133.380
014314,14GA,NOONAMAH AIRSTRIP,2013,..,-12.6099,131.0474,GPS,NT,17.5,18.9,94105,"Bees Creek, NT ",/places/nt/bees-creek/,-12.610,131.047
014317,14GA,DARWIN AIRPORT SCREEN COMPARISON,2003,2008,-12.4239,130.8925,.....,NT,30.4,..,99163,"Darwin, NT ",/places/nt/G4ES/?location=Darwin,-12.424,130.893
014318,14GA,EAST POINT,2023,..,-12.4108,130.8273,SURVEY,NT,7.1,8.5,94002,"Darwin Harbour, NT ",/places/nt/G4EK/?location=Darwin Harbour,-12.411,130.827
014319,14GA,DARWIN AIRPORT (MANUAL EVAPORATION COMPA,2023,..,-12.4239,130.8925,.....,NT,30.4,31.3,99175,"Darwin, NT ",/places/nt/G4ES/?location=Darwin,-12.424,130.893
014321,14GA,DARWIN AIRPORT (AUTO EVAP),2024,..,-12.4239,130.8925,SURVEY,NT,30.4,31.3,99336,"Darwin, NT ",/places/nt/G4ES/?location=Darwin,-12.424,130.893
014401,14BC,WARRUWI AIRPORT,1916,..,-11.6500,133.3797,GPS,NT,19.2,19.7,94139,"Warruwi, NT ",/places/nt/warruwi/,-11.650,133.380
014404,14BC,MILINGIMBI AIRPORT,2003,..,-12.0932,134.8919,GPS,NT,15.0,16.5,94140,"Milingimbi, NT ",/places/nt/milingimbi/,-12.093,134.892
014405,14BC,MANINGRIDA AIRPORT,2003,..,-12.0569,134.2339,SURVEY,NT,28.1,29.6,95142,"Maningrida, NT ",/places/nt/maningrida/,-12.057,134.234
014406,14BC,GROOTE EYLANDT NTC AWS,1993,2024,-13.8600,136.4158,MAP 1:250 000,NT,0.0,1.2,94154,"Alyangula, NT ",/places/nt/alyangula/,-13.860,136.416
014412,14BC,GOVE AIRPORT,2023,..,-12.2684,136.8188,.....,NT,53.6,55.1,94150,"Nhulunbuy, NT ",/places/nt/GFSX/?location=Nhulunbuy,-12.268,136.819
014413,14BC,GOVE AIRPORT (AUTO EVAP),2024,..,-12.2684,136.8188,.....,NT,53.6,55.1,99335,"Nhulunbuy, NT ",/places/nt/GFSX/?location=Nhulunbuy,-12.268,136.819
014508,14BC,GOVE AIRPORT MET OFFICE,1944,2023,-12.2741,136.8201,GPS,NT,51.6,53.2,99996,"Nhulunbuy, NT ",/places/nt/GFSX/?location=Nhulunbuy,-12.274,136.820
014517,14BC,NGAYAWILI,1999,..,-11.9971,135.5726,GPS,NT,8.1,9.1,95146,"Ngayawili, NT ",/places/nt/ngayawili/,-11.997,135.573
014518,14BC,GROOTE EYLANDT AIRPORT,1999,..,-13.9746,136.4630,GPS,NT,13.7,14.2,94153,"Groote Eylandt, NT ",/places/nt/groote-eylandt/,-13.975,136.463
014612,14DE,LARRIMAH,1952,..,-15.5748,133.2137,GPS,NT,180.0,185.7,94237,"Larrimah, NT ",/places/nt/larrimah/,-15.575,133.214
014626,14DE,DALY WATERS AIRSTRIP,1939,..,-16.2637,133.3782,GPS,NT,209.8,211.4,94234,"Daly Waters, NT ",/places/nt/daly-waters/,-16.264,133.378
014627,14DE,BULMAN,2002,..,-13.6715,134.3415,GPS,NT,103.4,104.7,94143,"Bulman, NT ",/places/nt/bulman/,-13.671,134.341
014703,14DE,CENTRE ISLAND,1968,..,-15.7426,136.8192,GPS,NT,12.2,12.7,94248,"Centre Island, NT ",/places/nt/centre-island/,-15.743,136.819
014704,14DE,MCARTHUR RIVER MINE AIRPORT,1968,..,-16.4423,136.0760,GPS,NT,40.0,41.0,94239,"Unnamed location,  ",/places//GB17/?location=Unnamed location,-16.442,136.076
014707,14DE,WOLLOGORANG,1966,..,-17.2122,137.9462,GPS,NT,60.0,61.0,94258,"Wollogorang, NT ",/places/nt/wollogorang/,-17.212,137.946
014723,14DE,BORROLOOLA AIRPORT,1987,..,-16.0755,136.3041,GPS,NT,16.1,16.6,94152,"Borroloola, NT ",/places/nt/borroloola/,-16.076,136.304
014808,14F,BRADSHAW - ANGALLARI VALLEY (DEFENCE),2017,..,-15.4397,130.5731,GPS,NT,60.0,62.0,94221,"Unnamed location, NT ",/places/nt/G0DR/?location=Unnamed location,-15.440,130.573
014825,14F,VICTORIA RIVER DOWNS,1885,..,-16.4030,131.0145,GPS,NT,88.5,90.0,94232,"Victoria River Downs, NT ",/places/nt/victoria-river-downs/,-16.403,131.014
014829,14F,LAJAMANU AIRPORT,1952,..,-18.3324,130.6361,GPS,NT,315.6,316.6,94231,"Lajamanu, NT ",/places/nt/lajamanu/,-18.332,130.636
014840,14F,WAVE HILL,1973,..,-17.3869,131.1166,GPS,NT,196.0,198.0,94229,"Unnamed location,  ",/places//EPS8/?location=Unnamed location,-17.387,131.117
014850,14F,TIMBER CREEK,1981,..,-15.6614,130.4808,SURVEY,NT,20.1,23.1,94220,"Timber Creek, NT ",/places/nt/timber-creek/,-15.661,130.481
014901,14GA,DOUGLAS RIVER RESEARCH FARM,1968,..,-13.8345,131.1872,GPS,NT,42.8,44.2,94128,"Douglas River, NT ",/places/nt/douglas-river/,-13.835,131.187
014909,14GA,CENTRAL ARNHEM PLATEAU,2003,..,-13.3275,133.0861,GPS,NT,416.0,416.3,94141,"Central Arnhem Plateau, NT ",/places/nt/central-arnhem-plateau/,-13.328,133.086
014932,14GA,TINDAL RAAF,1969,..,-14.5229,132.3826,GPS,NT,133.6,135.0,94131,"Unnamed location,  ",/places//G33F/?location=Unnamed location,-14.523,132.383
014938,14GA,MANGO FARM,1980,..,-13.7379,130.6834,GPS,NT,15.2,16.2,94117,"Mango Farm, NT ",/places/nt/mango-farm/,-13.738,130.683
014948,14GA,PORT KEATS AIRPORT,1996,..,-14.2494,129.5282,GPS,NT,28.0,29.0,95111,"Wadeye, NT ",/places/nt/wadeye/,-14.249,129.528
014949,14GA,DELAMERE WEAPONS RANGE,1997,..,-15.7441,131.9181,GPS,NT,221.0,221.5,94225,"Delamere, NT ",/places/nt/delamere/,-15.744,131.918
014981,14F,BRADSHAW - KOOLENDONG VALLEY (DEFENCE),2018,..,-15.1853,130.1169,GPS,NT,42.0,59.0,94222,"Unnamed location, NT ",/places/nt/G0BK/?location=Unnamed location,-15.185,130.117
014982,14GA,KANGAROO FLATS (DEFENCE),2017,..,-12.7934,130.8542,.....,NT,50.0,..,94161,"Charlotte, NT ",/places/nt/G47K/?location=Charlotte,-12.793,130.854
014983,14GA,MOUNT BUNDEY NORTH (DEFENCE),2017,..,-12.9141,131.8663,GPS,NT,83.0,..,94162,"Mount Bundey, NT ",/places/nt/G4RD/?location=Mount Bundey,-12.914,131.866
014984,14GA,MOUNT BUNDEY SOUTH (DEFENCE),2017,..,-13.0889,131.8478,GPS,NT,55.0,56.0,94112,"Mount Bundey, NT ",/places/nt/G4PW/?location=Mount Bundey,-13.089,131.848
014985,14GA,DARWIN AIRPORT UPPER AIR COMPARISON,2018,..,-12.4239,130.8925,GPS,NT,30.4,35.0,99119,"Darwin, NT ",/places/nt/G4ES/?location=Darwin,-12.424,130.893
014987,14GA,DELAMERE WEAPONS RANGE CONTROL,2019,..,-15.7674,131.8200,.....,NT,221.0,..,99225,"Unnamed location, NT ",/places/nt/G0X9/?location=Unnamed location,-15.767,131.820
014988,14GA,KNUCKEY LAGOON,2021,..,-12.4422,130.9556,Unknown,NT,31.6,33.1,94000,"Knuckey Lagoon, NT ",/places/nt/G4EG/?location=Knuckey Lagoon,-12.442,130.956
014991,14BC,EAST ARNHEM,2023,..,-12.3845,136.7959,GPS,NT,112.0,..,94155,"East Arnhem, NT ",/places/nt/GFSK/?location=East Arnhem,-12.384,136.796
015085,15A,BRUNETTE DOWNS,1891,..,-18.6370,135.9450,GPS,NT,218.0,219.0,94242,"Brunette Downs, NT ",/places/nt/brunette-downs/,-18.637,135.945
015131,15A,ELLIOTT,1949,..,-17.5552,133.5439,GPS,NT,220.0,223.0,94236,"Elliott, NT ",/places/nt/elliott/,-17.555,133.544
015135,15A,TENNANT CREEK AIRPORT,1969,..,-19.6423,134.1833,GPS,NT,375.7,377.1,94238,"Tennant Creek, NT ",/places/nt/tennant-creek/,-19.642,134.183
015502,15B,ALI CURUNG,1967,..,-21.0025,134.4029,GPS,NT,375.0,376.2,94325,"Ali Curung, NT ",/places/nt/ali-curung/,-21.003,134.403
015511,15B,CURTIN SPRINGS,1953,..,-25.3139,131.7571,GPS,NT,489.6,491.1,94463,"Curtin Springs, NT ",/places/nt/curtin-springs/,-25.314,131.757
015528,15B,YUENDUMU,1952,..,-22.2565,131.8011,GPS,NT,667.0,668.0,94324,"Yuendumu, NT ",/places/nt/yuendumu/,-22.256,131.801
015590,15B,ALICE SPRINGS AIRPORT,1940,..,-23.7951,133.8890,GPS,NT,546.0,547.0,94326,"Alice Springs Airport, NT ",/places/nt/alice-springs-airport/,-23.795,133.889
015594,15B,ARLTUNGA,1988,..,-23.4564,134.6849,GPS,NT,661.0,663.0,95323,"Arltunga, NT ",/places/nt/arltunga/,-23.456,134.685
015602,15B,JERVOIS,1966,..,-22.9494,136.1442,GPS,NT,328.0,329.0,94327,"Jervois, NT ",/places/nt/jervois/,-22.949,136.144
015603,15B,KULGERA,1968,..,-25.8428,133.3027,GPS,NT,508.6,510.0,94466,"Kulgera, NT ",/places/nt/kulgera/,-25.843,133.303
015612,15B,PAPUNYA,1957,..,-23.2044,131.9156,GPS,NT,608.0,609.0,94322,"Papunya, NT ",/places/nt/papunya/,-23.204,131.916
015635,15B,YULARA AIRPORT,1983,..,-25.1896,130.9737,GPS,NT,492.0,492.5,94462,"Yulara, NT ",/places/nt/E4EU/?location=Yulara,-25.190,130.974
015643,15B,TERRITORY GRAPE FARM,1987,..,-22.4518,133.6377,GPS,NT,565.6,567.0,94328,"Territory Grape, NT ",/places/nt/territory-grape/,-22.452,133.638
015652,15B,WATARRKA,1990,..,-24.2918,131.5490,GPS,NT,614.0,612.5,94323,"Watarrka, NT ",/places/nt/E5NQ/?location=Watarrka,-24.292,131.549
015664,15B,WALUNGURRU AIRPORT,2001,..,-23.2656,129.3844,GPS,NT,454.3,455.3,94321,"Wulungurru, NT ",/places/nt/wulungurru/,-23.266,129.384
015666,15B,RABBIT FLAT,1996,..,-20.1823,130.0148,GPS,NT,340.0,341.5,95322,"Rabbit Flat, NT ",/places/nt/rabbit-flat/,-20.182,130.015
015686,15B,ALICE SPRINGS AIRPORT (AUTO EVAP),2024,..,-23.7951,133.8890,GPS,NT,546.0,547.0,99337,"Alice Springs Airport, NT ",/places/nt/alice-springs-airport/,-23.795,133.889
016001,16,WOOMERA AERODROME,1949,..,-31.1558,136.8054,GPS,SA,166.6,168.5,94659,"Woomera, SA ",/places/sa/woomera/,-31.156,136.805
016065,16,ANDAMOOKA,1965,..,-30.4490,137.1692,GPS,SA,76.0,..,95660,"Andamooka, SA ",/places/sa/andamooka/,-30.449,137.169
016067,16,MOUNT IVE,1881,..,-32.4398,136.0671,GPS,SA,177.0,179.0,94660,"Mount Ive, SA ",/places/sa/7Y17/?location=Mount Ive,-32.440,136.067
016085,16,MARLA POLICE STATION,1985,..,-27.3002,133.6201,GPS,SA,323.0,..,94477,"Marla, SA ",/places/sa/marla/,-27.300,133.620
016090,16,COOBER PEDY AIRPORT,1994,..,-29.0347,134.7222,GPS,SA,225.0,226.0,95458,"Coober Pedy, SA ",/places/sa/coober-pedy/,-29.035,134.722
016096,16,ROXBY DOWNS (OLYMPIC DAM AERODROME),1997,..,-30.4869,136.8739,SURVEY,SA,99.2,99.9,95658,"Roxby Downs, SA ",/places/sa/roxby-downs/,-30.487,136.874
016097,16,ERNABELLA (PUKATJA),1997,..,-26.2635,132.1771,GPS,SA,703.2,703.5,94474,"pukatja/Ernabella, SA ",/places/sa/pukatja-ernabella/,-26.264,132.177
016098,16,TARCOOLA AERO,1997,..,-30.7051,134.5786,GPS,SA,123.0,123.6,94655,"Tarcoola, SA ",/places/sa/tarcoola/,-30.705,134.579
016105,16,WOOMERA PROFILER,2007,2019,-30.7648,136.3375,GPS,SA,127.0,..,94652,"Coondambo, SA ",/places/sa/7Z4M/?location=Coondambo,-30.765,136.338
016110,16,WOOMERA AERODROME (AUTO EVAP),2024,..,-31.1558,136.8054,GPS,SA,166.6,168.5,99338,"Woomera, SA ",/places/sa/woomera/,-31.156,136.805
017031,17,MARREE,1885,..,-29.6451,138.0639,GPS,SA,49.0,..,94480,"Marree, SA ",/places/sa/marree/,-29.645,138.064
017043,17,OODNADATTA AIRPORT,1939,..,-27.5553,135.4456,GPS,SA,116.5,117.0,94476,"Oodnadatta, SA ",/places/sa/oodnadatta/,-27.555,135.446
017056,17,GAMMON RANGES (WOOLTANA),1877,..,-30.4132,139.4198,GPS,SA,135.0,..,94606,"Arkaroola, SA ",/places/sa/KPRK/?location=Arkaroola,-30.413,139.420
017099,17,ARKAROOLA,1938,..,-30.3110,139.3357,GPS,SA,318.0,..,94676,"Arkaroola, SA ",/places/sa/KPRN/?location=Arkaroola,-30.311,139.336
017110,17,LEIGH CREEK AIRPORT,1982,..,-30.5963,138.4219,GPS,SA,258.8,259.3,94674,"Leigh Creek, SA ",/places/sa/leigh-creek/,-30.596,138.422
017123,17,MOOMBA AIRPORT,1995,..,-28.0997,140.1956,GPS,SA,37.8,38.4,95481,"Moomba, SA ",/places/sa/moomba/,-28.100,140.196
017126,17,MARREE AERO,1998,..,-29.6587,138.0684,GPS,SA,50.0,50.6,95480,"Marree, SA ",/places/sa/marree/,-29.659,138.068
018012,18,CEDUNA AMO,1939,..,-32.1297,133.6976,GPS,SA,15.3,15.7,94653,"Ceduna, SA ",/places/sa/ceduna/,-32.130,133.698
018014,18,CLEVE,1896,..,-33.7011,136.4937,GPS,SA,193.0,194.0,94661,"Cleve, SA ",/places/sa/cleve/,-33.701,136.494
018040,18,KIMBA,1920,..,-33.1416,136.4126,GPS,SA,280.0,..,94668,"Kimba, SA ",/places/sa/kimba/,-33.142,136.413
018044,18,KYANCUTTA,1930,..,-33.1337,135.5521,GPS,SA,59.0,65.0,94657,"Wannamana, SA ",/places/sa/7TXJ/?location=Wannamana,-33.134,135.552
018069,18,ELLISTON,1882,..,-33.6501,134.8880,GPS,SA,7.0,9.0,94656,"Elliston, SA ",/places/sa/elliston/,-33.650,134.888
018079,18,STREAKY BAY,1865,..,-32.8084,134.1979,GPS,SA,45.0,46.0,94654,"Streaky Bay, SA ",/places/sa/streaky-bay/,-32.808,134.198
018083,18,WUDINNA AERO,1999,..,-33.0430,135.4519,GPS,SA,86.4,86.9,95654,"Wudinna, SA ",/places/sa/wudinna/,-33.043,135.452
018106,18,NULLARBOR,1888,..,-31.4492,130.8976,GPS,SA,64.0,65.0,94651,"Nullarbor, SA ",/places/sa/nullarbor/,-31.449,130.898
018115,18,NEPTUNE ISLAND,1957,..,-35.3365,136.1174,GPS,SA,32.0,32.0,94804,"Unnamed location, SA ",/places/sa/7U39/?location=Unnamed location,-35.337,136.117
018116,18,CLEVE AERODROME,1963,..,-33.7081,136.5026,GPS,SA,175.0,176.0,94662,"Cleve, SA ",/places/sa/cleve/,-33.708,136.503
018120,18,WHYALLA AERO,1945,..,-33.0539,137.5206,SURVEY,SA,9.3,9.8,95664,"Whyalla, SA ",/places/sa/whyalla/,-33.054,137.521
018191,18,COULTA (COLES POINT),1991,2017,-34.3749,135.3741,GPS,SA,28.0,28.6,94658,"Coulta, SA ",/places/sa/7SYM/?location=Coulta,-34.375,135.374
018192,18,NORTH SHIELDS (PORT LINCOLN AWS),1992,..,-34.5993,135.8784,GPS,SA,8.5,8.5,95661,"Louth, SA ",/places/sa/7UB8/?location=Louth,-34.599,135.878
018195,18,MINNIPA PIRSA,1996,..,-32.8427,135.1515,GPS,SA,165.0,166.0,95662,"Minnipa, SA ",/places/sa/minnipa/,-32.843,135.151
018200,18,THEVENARD WIND,1999,2019,-32.1803,133.6343,GPS,SA,8.5,..,95653,"Unnamed location, SA ",/places/sa/7QR0/?location=Unnamed location,-32.180,133.634
018201,18,PORT AUGUSTA AERO,2001,..,-32.5073,137.7169,GPS,SA,14.0,14.6,95666,"Port Augusta, SA ",/places/sa/port-augusta/,-32.507,137.717
018207,18,CEDUNA (THEVENARD NTC AWS),1992,..,-32.1490,133.6416,.....,SA,5.0,1.1,95652,"Thevenard, SA ",/places/sa/thevenard/,-32.149,133.642
018217,18,CUMMINS AERO,2007,..,-34.2524,135.7135,GPS,SA,60.1,60.6,95663,"Cummins, SA ",/places/sa/cummins/,-34.252,135.714
018229,18,CULTANA (DEFENCE),2017,..,-32.6845,137.3689,GPS,SA,171.0,..,95683,"Unnamed location, SA ",/places/sa/7VYY/?location=Unnamed location,-32.684,137.369
018230,18,COFFIN BAY (POINT AVOID),2017,..,-34.6750,135.3362,GPS,SA,35.0,35.5,95649,"Unnamed location, SA ",/places/sa/7SWQ/?location=Unnamed location,-34.675,135.336
019017,19,HAWKER,1882,..,-31.9043,138.4388,GPS,SA,340.0,341.0,94673,"Hawker, SA ",/places/sa/hawker/,-31.904,138.439
019062,19,YONGALA,1881,..,-33.0276,138.7560,GPS,SA,521.0,..,94679,"Unnamed location, SA ",/places/sa/KJSX/?location=Unnamed location,-33.028,138.756
020028,20,GLUEPOT RESERVE (GLUEPOT),1999,..,-33.7622,140.1251,GPS,SA,57.0,..,95668,"Gluepot, SA ",/places/sa/gluepot/,-33.762,140.125
020062,20,YUNTA AIRSTRIP,1998,..,-32.5707,139.5645,GPS,SA,300.0,300.5,94684,"Yunta, SA ",/places/sa/yunta/,-32.571,139.565
021046,21,SNOWTOWN,1881,2001,-33.7844,138.2133,.....,SA,103.0,103.0,94670,"Unnamed location, SA ",/places/sa/KJ62/?location=Unnamed location,-33.784,138.213
021131,21,CLARE HIGH SCHOOL,1993,..,-33.8226,138.5933,GPS,SA,395.0,396.0,95667,"Clare, SA ",/places/sa/clare/,-33.823,138.593
021133,21,SNOWTOWN (RAYVILLE PARK),1998,..,-33.7675,138.2182,GPS,SA,109.1,109.2,95670,"Snowtown, SA ",/places/sa/snowtown/,-33.767,138.218
021139,21,PORT PIRIE AERODROME AWS,2000,..,-33.2371,137.9971,GPS,SA,12.0,12.0,99749,"Pirie, SA ",/places/sa/KJ97/?location=Pirie,-33.237,137.997
022008,22A,MAITLAND,1879,..,-34.3745,137.6733,GPS,SA,185.0,186.0,94665,"Maitland, SA ",/places/sa/maitland/,-34.374,137.673
022015,22A,PRICE,1944,..,-34.2971,138.0014,GPS,SA,2.0,..,95669,"Unnamed location, SA ",/places/sa/KHCQ/?location=Unnamed location,-34.297,138.001
022018,22A,WAROOKA,1861,..,-34.9906,137.3995,GPS,SA,53.0,53.7,94663,"Warooka, SA ",/places/sa/warooka/,-34.991,137.399
022031,22A,MINLATON AERO,2001,..,-34.7480,137.5276,GPS,SA,32.0,32.5,95659,"Minlaton, SA ",/places/sa/minlaton/,-34.748,137.528
022046,22A,EDITHBURGH,1984,..,-35.1121,137.7395,GPS,SA,6.0,7.0,94809,"Edithburgh, SA ",/places/sa/edithburgh/,-35.112,137.739
022049,22A,STENHOUSE BAY,1995,..,-35.2795,136.9392,GPS,SA,42.0,44.0,95806,"Stenhouse Bay, SA ",/places/sa/stenhouse-bay/,-35.279,136.939
022050,22A,KADINA AWS,2005,..,-33.9703,137.6628,GPS,SA,41.1,41.6,94685,"Kadina, SA ",/places/sa/kadina/,-33.970,137.663
022053,22A,MOONTA (WARBURTO POINT),2003,..,-34.0041,137.5280,GPS,SA,1.0,..,94666,"Unnamed location, SA ",/places/sa/7VPK/?location=Unnamed location,-34.004,137.528
022801,22B,CAPE BORDA COMPARISON,1865,2007,-35.7529,136.5938,GPS,SA,143.0,144.0,94805,"Borda, SA ",/places/sa/7U59/?location=Borda,-35.753,136.594
022803,22B,CAPE WILLOUGHBY,1881,..,-35.8426,138.1327,GPS,SA,55.0,56.0,94822,"Dudley, SA ",/places/sa/K5FP/?location=Dudley,-35.843,138.133
022823,22B,CAPE BORDA,2002,..,-35.7549,136.5959,GPS,SA,158.0,158.3,95805,"Borda, SA ",/places/sa/7U59/?location=Borda,-35.755,136.596
022841,22B,KINGSCOTE AERO,1994,..,-35.7114,137.5231,GPS,SA,6.2,6.7,95807,"Unnamed location, SA ",/places/sa/7UP6/?location=Unnamed location,-35.711,137.523
022843,22B,PARNDANA CFS AWS,2011,..,-35.7916,137.2496,GPS,SA,165.0,..,94807,"Parndana, SA ",/places/sa/parndana/,-35.792,137.250
023000,23A,ADELAIDE (WEST TERRACE / NGAYIRDAPIRA),1839,..,-34.9257,138.5832,GPS,SA,29.3,29.8,94648,"Adelaide, SA ",/places/sa/adelaide/,-34.926,138.583
023013,23A,PARAFIELD AIRPORT,1929,..,-34.7977,138.6281,GPS,SA,9.5,10.3,95677,"Yatala, SA ",/places/sa/KHSH/?location=Yatala,-34.798,138.628
023034,23A,ADELAIDE AIRPORT,1955,..,-34.9524,138.5196,GPS,SA,2.0,8.2,94672,"Unnamed location, SA ",/places/sa/KHE9/?location=Unnamed location,-34.952,138.520
023052,23A,OUTER HARBOUR (BLACK POLE),2001,..,-34.7343,138.4653,GPS,SA,6.3,..,95675,"Outer Harbor, SA ",/places/sa/KHEM/?location=Outer Harbor,-34.734,138.465
023083,23A,EDINBURGH RAAF,1972,..,-34.7111,138.6223,GPS,SA,16.5,17.1,95676,"Unnamed location, SA ",/places/sa/KHSN/?location=Unnamed location,-34.711,138.622
023090,23A,ADELAIDE (KENT TOWN),1977,2020,-34.9211,138.6216,GPS,SA,48.0,51.0,94675,"Unnamed location, SA ",/places/sa/KHS4/?location=Unnamed location,-34.921,138.622
023109,23A,ADELAIDE AIRPORT (ANEMOMETER SOUTH WEST),1995,..,-34.9573,138.5152,GPS,SA,3.0,..,99672,"Unnamed location, SA ",/places/sa/KHE9/?location=Unnamed location,-34.957,138.515
023122,23A,ROSEWORTHY AWS,1997,..,-34.5106,138.6763,GPS,SA,65.0,65.5,95671,"Roseworthy, SA ",/places/sa/roseworthy/,-34.511,138.676
023123,23A,ADELAIDE AIRPORT (ANEMOMETER NORTHEAST),1995,..,-34.9382,138.5435,GPS,SA,5.0,..,99673,"Unnamed location, SA ",/places/sa/KHE9/?location=Unnamed location,-34.938,138.543
023124,23A,ADELAIDE AIRPORT (ANEMOMETER NORTHWEST),1995,..,-34.9435,138.5232,GPS,SA,2.0,..,99674,"Unnamed location, SA ",/places/sa/KHE9/?location=Unnamed location,-34.944,138.523
023130,23A,BUCKLAND PARK (ADELAIDE-S1-RADAR),2005,..,-34.6170,138.4688,MAP 1:50 000,SA,4.0,..,99092,"Unnamed location, SA ",/places/sa/KHG2/?location=Unnamed location,-34.617,138.469
023152,23A,ADELAIDE (WEST TERRACE / NGAYIRDAPIRA) (,2024,..,-34.9257,138.5832,GPS,SA,29.3,29.8,99339,"Adelaide, SA ",/places/sa/adelaide/,-34.926,138.583
023343,23B,ROSEDALE (TURRETFIELD RESEARCH CENTRE),1887,2020,-34.5519,138.8342,GPS,SA,116.0,..,95674,"Unnamed location, SA ",/places/sa/KHUC/?location=Unnamed location,-34.552,138.834
023373,23B,NURIOOTPA PIRSA,1996,..,-34.4761,139.0056,GPS,SA,275.0,276.0,94681,"Nuriootpa, SA ",/places/sa/nuriootpa/,-34.476,139.006
023733,23C,MOUNT BARKER,1861,..,-35.0732,138.8466,GPS,SA,359.0,..,94806,"Mount Barker, SA ",/places/sa/mount-barker/,-35.073,138.847
023747,23C,STRATHALBYN,1861,..,-35.2560,138.8901,GPS,SA,70.0,..,94810,"Unnamed location, SA ",/places/sa/KHM5/?location=Unnamed location,-35.256,138.890
023804,23C,VICTOR HARBOR (ENCOUNTER BAY),2001,..,-35.5544,138.5997,GPS,SA,8.0,..,95811,"Victor Harbor, SA ",/places/sa/victor-harbor/,-35.554,138.600
023842,23C,MOUNT LOFTY,1985,..,-34.9784,138.7088,GPS,SA,685.0,..,95678,"Unnamed location, SA ",/places/sa/KHS2/?location=Unnamed location,-34.978,138.709
023875,23C,PARAWA (SECOND VALLEY FOREST AWS),1994,..,-35.5695,138.2864,GPS,SA,341.0,342.0,94811,"Parawa, SA ",/places/sa/parawa/,-35.569,138.286
023878,23C,MOUNT CRAWFORD AWS,1994,..,-34.7253,138.9278,GPS,SA,525.0,525.5,94678,"Para Wirra, SA ",/places/sa/KHTM/?location=Para Wirra,-34.725,138.928
023885,23C,NOARLUNGA,2000,..,-35.1586,138.5057,GPS,SA,55.0,..,94808,"Noarlunga, SA ",/places/sa/noarlunga/,-35.159,138.506
023886,23C,SELLICKS HILL (MOUNT TERRIBLE RADAR),1995,..,-35.3294,138.5019,GPS,SA,385.7,..,95679,"Unnamed location, SA ",/places/sa/KH79/?location=Unnamed location,-35.329,138.502
023887,23C,KUITPO FOREST RESERVE,1998,..,-35.1712,138.6783,GPS,SA,365.0,365.5,94683,"Unnamed location, SA ",/places/sa/KHKM/?location=Unnamed location,-35.171,138.678
023894,23C,HINDMARSH ISLAND AWS,2003,..,-35.5194,138.8177,GPS,SA,11.0,11.5,94677,"Unnamed location, SA ",/places/sa/KHHY/?location=Unnamed location,-35.519,138.818
024024,24A,LOXTON RESEARCH CENTRE,1984,..,-34.4390,140.5978,GPS,SA,30.1,30.4,94682,"Loxton, SA ",/places/sa/KKU7/?location=Loxton,-34.439,140.598
024048,24A,RENMARK AERO,1995,..,-34.1983,140.6766,GPS,SA,31.5,32.0,95687,"Renmark, SA ",/places/sa/renmark/,-34.198,140.677
024511,24B,EUDUNDA,1880,..,-34.1773,139.0903,GPS,SA,420.0,420.0,94680,"Neales, SA ",/places/sa/KJN0/?location=Neales,-34.177,139.090
024518,24B,MENINGIE,1864,..,-35.6902,139.3375,GPS,SA,3.0,4.0,95814,"Meningie, SA ",/places/sa/meningie/,-35.690,139.338
024521,24B,MURRAY BRIDGE,1885,..,-35.1234,139.2592,GPS,SA,33.0,..,95812,"Murray Bridge, SA ",/places/sa/murray-bridge/,-35.123,139.259
024580,24B,STRATHALBYN RACECOURSE,1996,..,-35.2836,138.8934,GPS,SA,58.0,58.5,94814,"Strathalbyn, SA ",/places/sa/strathalbyn/,-35.284,138.893
024584,24B,MURRAY BRIDGE (PALLAMANA AERODROME),2006,..,-35.0650,139.2273,GPS,SA,45.0,45.5,95818,"Unnamed location, SA ",/places/sa/KHQX/?location=Unnamed location,-35.065,139.227
025006,25A,KAROONDA,1914,..,-35.0900,139.8972,GPS,SA,72.0,..,95813,"Karoonda, SA ",/places/sa/karoonda/,-35.090,139.897
025507,25B,KEITH,1906,..,-36.0980,140.3556,GPS,SA,29.0,30.8,94816,"Keith, SA ",/places/sa/keith/,-36.098,140.356
025557,25B,KEITH (MUNKORA),2001,..,-36.1058,140.3273,GPS,SA,27.0,27.5,95815,"Unnamed location, SA ",/places/sa/K7G4/?location=Unnamed location,-36.106,140.327
025562,25B,LAMEROO (AUSTIN PLAINS),2004,..,-35.3778,140.5378,SURVEY,SA,110.1,110.8,94690,"Lameroo, SA ",/places/sa/lameroo/,-35.378,140.538
026021,26,MOUNT GAMBIER AERO,1941,..,-37.7473,140.7739,GPS,SA,63.0,69.0,94821,"Wandilo, SA ",/places/sa/K6V1/?location=Wandilo,-37.747,140.774
026026,26,ROBE,1860,..,-37.1628,139.7560,GPS,SA,3.3,4.3,94812,"Robe, SA ",/places/sa/robe/,-37.163,139.756
026091,26,COONAWARRA,1985,..,-37.2906,140.8254,GPS,SA,57.0,57.5,94817,"Coonawarra, SA ",/places/sa/coonawarra/,-37.291,140.825
026095,26,CAPE JAFFA (THE LIMESTONE),1991,..,-36.9655,139.7164,GPS,SA,17.0,18.0,94813,"Unnamed location, SA ",/places/sa/K729/?location=Unnamed location,-36.965,139.716
026099,26,NARACOORTE AERODROME,1998,..,-36.9813,140.7270,GPS,SA,49.7,50.3,94820,"Naracoorte, SA ",/places/sa/naracoorte/,-36.981,140.727
026100,26,PADTHAWAY SOUTH,2000,..,-36.6539,140.5212,GPS,SA,37.0,..,95823,"Glen Roy, SA ",/places/sa/K7KP/?location=Glen Roy,-36.654,140.521
026105,26,ROBE AIRFIELD,2003,..,-37.1776,139.8054,GPS,SA,3.0,3.5,95816,"Waterhouse, SA ",/places/sa/waterhouse/,-37.178,139.805
026117,26,MOUNT GAMBIER AERO (AUTO EVAP),2024,..,-37.7473,140.7739,GPS,SA,63.0,69.0,99340,"Wandilo, SA ",/places/sa/K6V1/?location=Wandilo,-37.747,140.774
027045,27,WEIPA AERO,1972,..,-12.6778,141.9208,GPS,QLD,18.0,18.6,94170,"Weipa, QLD ",/places/qld/weipa/,-12.678,141.921
027054,27,COCONUT ISLAND,1987,..,-10.0511,143.0686,GPS,QLD,3.5,4.0,94182,"Unnamed location, QLD ",/places/qld/USNE/?location=Unnamed location,-10.051,143.069
027058,27,HORN ISLAND,1995,..,-10.5844,142.2900,GPS,QLD,4.0,5.0,94174,"Horn, QLD ",/places/qld/UEG2/?location=Horn,-10.584,142.290
027073,27,COEN AIRPORT,2002,..,-13.7606,143.1183,GPS,QLD,159.3,160.1,94183,"Unnamed location, QLD ",/places/qld/U9YC/?location=Unnamed location,-13.761,143.118
027075,27,SCHERGER RAAF,2005,..,-12.6167,142.0869,GPS,QLD,39.3,40.1,94171,"Mission River, QLD ",/places/qld/UDD8/?location=Mission River,-12.617,142.087
027080,27,WEIPA AERO (AUTO EVAP),2024,..,-12.6778,141.9208,GPS,QLD,18.0,18.6,99341,"Weipa, QLD ",/places/qld/weipa/,-12.678,141.921
028004,28,PALMERVILLE,1889,..,-15.9999,144.0754,GPS,QLD,203.8,204.7,94276,"Palmerville, QLD ",/places/qld/palmerville/,-16.000,144.075
028008,28,LOCKHART RIVER AIRPORT,1956,..,-12.7850,143.3047,GPS,QLD,18.5,17.8,94186,"Lockhart, QLD ",/places/qld/UDRS/?location=Lockhart,-12.785,143.305
029004,29,BURKETOWN POST OFFICE,1886,..,-17.7425,139.5475,GPS,QLD,5.5,7.5,94259,"Burketown, QLD ",/places/qld/burketown/,-17.742,139.548
029038,29,KOWANYAMA AIRPORT,1912,..,-15.4818,141.7483,GPS,QLD,9.6,10.8,94268,"Kowanyama, QLD ",/places/qld/kowanyama/,-15.482,141.748
029039,29,MORNINGTON ISLAND,1914,..,-16.6640,139.1837,GPS,QLD,8.5,..,99116,"Wellesley Islands, QLD ",/places/qld/SPYR/?location=Wellesley Islands,-16.664,139.184
029041,29,NORMANTON POST OFFICE,1872,2001,-17.6706,141.0672,.....,QLD,8.4,9.9,94267,"Unnamed location, QLD ",/places/qld/SRQ7/?location=Unnamed location,-17.671,141.067
029058,29,JULIA CREEK AIRPORT,2001,..,-20.6672,141.7214,GPS,QLD,122.5,123.4,94337,"Julia Creek, QLD ",/places/qld/julia-creek/,-20.667,141.721
029063,29,NORMANTON AIRPORT,2001,..,-17.6872,141.0733,GPS,QLD,18.4,18.9,94266,"Normanton, QLD ",/places/qld/normanton/,-17.687,141.073
029077,29,BURKETOWN AIRPORT,2001,..,-17.7483,139.5356,GPS,QLD,5.7,6.4,94260,"Burketown, QLD ",/places/qld/burketown/,-17.748,139.536
029127,29,MOUNT ISA AERO,1966,..,-20.6778,139.4875,GPS,QLD,340.3,341.0,94332,"Mount Isa, QLD ",/places/qld/mount-isa/,-20.678,139.488
029139,29,SWEERS ISLAND,1893,..,-17.1142,139.5981,GPS,QLD,4.0,4.5,94257,"Gulf Of Carpentaria, QLD ",/places/qld/SR8N/?location=Gulf Of Carpentaria,-17.114,139.598
029141,29,CLONCURRY AIRPORT,1978,..,-20.6664,140.5050,GPS,QLD,186.0,186.8,94335,"Cloncurry, QLD ",/places/qld/SM7Z/?location=Cloncurry,-20.666,140.505
029167,29,CENTURY MINE,2003,..,-18.7569,138.7056,GPS,QLD,126.8,127.0,94261,"Lawn Hill, QLD ",/places/qld/SNSM/?location=Lawn Hill,-18.757,138.706
029180,29,MOUNT ISA RADAR (TELSTRA HILL),2012,..,-20.7114,139.5553,DEM 9 Sec DTED,QLD,492.0,..,99098,"Unnamed location, QLD ",/places/qld/SJRY/?location=Unnamed location,-20.711,139.555
029181,29,LAKE JULIUS AWS,2013,..,-20.1167,139.7256,GPS,QLD,237.0,..,94348,"Unnamed location, QLD ",/places/qld/SMBD/?location=Unnamed location,-20.117,139.726
029182,29,MORNINGTON ISLAND AIRPORT,2013,..,-16.6620,139.1655,GPS,QLD,9.5,11.5,94254,"Wellesley Islands, QLD ",/places/qld/SPYR/?location=Wellesley Islands,-16.662,139.166
029186,29,MOUNT ISA AERO (AUTO EVAP),2024,..,-20.6778,139.4875,GPS,QLD,340.3,341.0,99342,"Mount Isa, QLD ",/places/qld/mount-isa/,-20.678,139.488
030018,30,GEORGETOWN POST OFFICE,1872,..,-18.2922,143.5483,GPS,QLD,291.7,..,94275,"Georgetown, QLD ",/places/qld/georgetown/,-18.292,143.548
030022,30,HUGHENDEN AIRPORT,2001,..,-20.8192,144.2333,GPS,QLD,316.4,317.3,94343,"Hughenden, QLD ",/places/qld/SV7S/?location=Hughenden,-20.819,144.233
030045,30,RICHMOND POST OFFICE,1889,..,-20.7289,143.1425,GPS,QLD,211.1,214.5,94340,"Richmond, QLD ",/places/qld/richmond-4822/,-20.729,143.143
030124,30,GEORGETOWN AIRPORT,2004,..,-18.3039,143.5306,GPS,QLD,301.8,302.5,94274,"Georgetown, QLD ",/places/qld/georgetown/,-18.304,143.531
030161,30,RICHMOND AIRPORT,1998,..,-20.7001,143.1137,GPS,QLD,206.3,207.0,94341,"Richmond, QLD ",/places/qld/STQY/?location=Richmond,-20.700,143.114
031011,31,CAIRNS AERO,1941,..,-16.8736,145.7458,GPS,QLD,2.2,2.6,94287,"Cairns, QLD ",/places/qld/cairns/,-16.874,145.746
031037,31,LOW ISLES LIGHTHOUSE,1887,..,-16.3842,145.5592,GPS,QLD,2.9,3.9,94285,"Unnamed location, QLD ",/places/qld/V01H/?location=Unnamed location,-16.384,145.559
031108,31,WALKAMIN RESEARCH STATION,1965,..,-17.1347,145.4281,GPS,QLD,594.0,..,95284,"Walkamin, QLD ",/places/qld/walkamin/,-17.135,145.428
031209,31,COOKTOWN AIRPORT,2000,..,-15.4461,145.1861,GPS,QLD,4.8,5.7,95283,"Cooktown, QLD ",/places/qld/cooktown/,-15.446,145.186
031210,31,MAREEBA AIRPORT,2000,..,-17.0704,145.4293,GPS,QLD,471.9,473.1,95286,"Mareeba, QLD ",/places/qld/mareeba/,-17.070,145.429
031213,31,CAPE FLATTERY,2003,..,-14.9672,145.3106,GPS,QLD,18.5,19.3,94188,"Lizard, QLD ",/places/qld/V101/?location=Lizard,-14.967,145.311
031222,31,CAIRNS RACECOURSE,2013,..,-16.9463,145.7474,.....,QLD,4.1,4.8,94288,"Woree, QLD ",/places/qld/woree/,-16.946,145.747
031225,31,SMITHFIELD (CAIRNS AERO),2011,..,-16.8289,145.7088,GPS,QLD,16.0,..,99149,"Cairns, QLD ",/places/qld/cairns/,-16.829,145.709
031229,31,CAIRNS AERO (AUTO EVAP),2024,..,-16.8736,145.7458,GPS,QLD,2.2,2.6,99343,"Cairns, QLD ",/places/qld/cairns/,-16.874,145.746
032004,32,CARDWELL MARINE PDE,1871,..,-18.2544,146.0192,GPS,QLD,5.0,8.1,94292,"Cardwell, QLD ",/places/qld/cardwell/,-18.254,146.019
032025,32,INNISFAIL,1881,..,-17.5249,146.0345,GPS,QLD,10.0,..,94291,"Innisfail, QLD ",/places/qld/innisfail/,-17.525,146.035
032037,32,SOUTH JOHNSTONE EXP STN,1920,..,-17.6053,145.9972,GPS,QLD,18.3,18.6,95292,"Camp Creek, QLD ",/places/qld/camp-creek/,-17.605,145.997
032040,32,TOWNSVILLE AERO,1940,..,-19.2483,146.7661,GPS,QLD,4.3,4.6,94294,"Townsville, QLD ",/places/qld/townsville/,-19.248,146.766
032078,32,INGHAM COMPOSITE,1968,..,-18.6494,146.1769,GPS,QLD,11.8,12.5,95291,"Ingham, QLD ",/places/qld/ingham/,-18.649,146.177
032141,32,LUCINDA POINT,1980,..,-18.5203,146.3861,GPS,QLD,10.0,10.0,94295,"Unnamed location, QLD ",/places/qld/TNUD/?location=Unnamed location,-18.520,146.386
032182,32,CAPE FERGUSON NTC AWS,1991,..,-19.2774,147.0586,MAP 1:250 000,QLD,0.0,6.8,94297,"Cape Cleveland, QLD ",/places/qld/TNR6/?location=Cape Cleveland,-19.277,147.059
032194,32,COWLEY BEACH (DEFENCE),2017,..,-17.6905,146.1126,SURVEY,QLD,4.3,4.8,99218,"Cowley Beach, QLD ",/places/qld/TP76/?location=Cowley Beach,-17.691,146.113
032195,32,MOUNT STUART (DEFENCE),2017,..,-19.4082,146.7620,SURVEY,QLD,176.4,176.6,94272,"Mount Stuart, QLD ",/places/qld/TNQ0/?location=Mount Stuart,-19.408,146.762
032196,32,TOWNSVILLE- AIR WEAPONS RANGE (DEFENCE),2017,..,-19.3048,146.2438,SURVEY,QLD,385.5,386.0,94271,"Dotswood, QLD ",/places/qld/TNK4/?location=Dotswood,-19.305,146.244
032197,32,INNISFAIL AERODROME,2016,..,-17.5581,146.0119,GPS,QLD,11.8,12.7,94280,"South Innisfail, QLD ",/places/qld/south-innisfail/,-17.558,146.012
032200,32,INGHAM AERO,2024,..,-18.6651,146.1467,SURVEY,QLD,13.8,14.5,94004,"Ingham, QLD ",/places/qld/ingham/,-18.665,146.147
032201,32,TOWNSVILLE AERO (AUTO EVAP),2024,..,-19.2483,146.7661,GPS,QLD,4.3,4.6,99344,"Townsville, QLD ",/places/qld/townsville/,-19.248,146.766
033002,33,AYR DPI RESEARCH STN,1951,..,-19.6169,147.3758,GPS,QLD,17.0,..,95295,"Ayr, QLD ",/places/qld/ayr/,-19.617,147.376
033013,33,COLLINSVILLE POST OFFICE,1939,..,-20.5533,147.8464,GPS,QLD,196.0,..,94360,"Collinsville, QLD ",/places/qld/collinsville/,-20.553,147.846
033045,33,MACKAY AERO,1950,..,-21.1706,149.1794,GPS,QLD,5.3,5.0,95367,"Unnamed location, QLD ",/places/qld/TT0M/?location=Unnamed location,-21.171,149.179
033106,33,HAMILTON ISLAND AIRPORT,2002,..,-20.3658,148.9536,GPS,QLD,58.7,59.4,94368,"Whitsundays, QLD ",/places/qld/TMXM/?location=Whitsundays,-20.366,148.954
033119,33,MACKAY M.O,1959,..,-21.1172,149.2169,GPS,QLD,30.3,30.3,94367,"Mackay, QLD ",/places/qld/TT0Q/?location=Mackay,-21.117,149.217
033195,33,WILLIAMSON,2005,..,-22.4703,150.1786,GPS,QLD,27.6,28.1,95370,"Shoalwater, QLD ",/places/qld/TSKE/?location=Shoalwater,-22.470,150.179
033208,33,ROSSLYN BAY NTC AWS,1992,..,-23.1610,150.7901,GPS,QLD,0.0,2.6,95298,"Rosslyn, QLD ",/places/qld/rosslyn/,-23.161,150.790
033210,33,ST LAWRENCE,2004,..,-22.3472,149.5242,GPS,QLD,9.2,9.9,95369,"St Lawrence, QLD ",/places/qld/TS3V/?location=St Lawrence,-22.347,149.524
033247,33,PROSERPINE AIRPORT,1978,..,-20.4925,148.5550,GPS,QLD,19.7,20.3,94365,"Gunyarra, QLD ",/places/qld/gunyarra/,-20.492,148.555
033257,33,BOWEN AIRPORT,1987,2015,-20.0151,148.2152,GPS,QLD,5.0,8.0,94366,"Bowen, QLD ",/places/qld/bowen/,-20.015,148.215
033294,33,YEPPOON THE ESPLANADE,1993,..,-23.1364,150.7506,GPS,QLD,5.5,5.8,94373,"Yeppoon, QLD ",/places/qld/yeppoon/,-23.136,150.751
033295,33,ALVA BEACH,1997,..,-19.4569,147.4833,GPS,QLD,7.5,7.8,95296,"Alva, QLD ",/places/qld/TQ1P/?location=Alva,-19.457,147.483
033307,33,WOOLSHED,1998,..,-19.4168,146.5362,GPS,QLD,556.0,556.5,95293,"Hervey Range, QLD ",/places/qld/TNM0/?location=Hervey Range,-19.417,146.536
033308,33,SAMUEL HILL AERO,1997,..,-22.7433,150.6578,GPS,QLD,31.0,31.5,94370,"Shoalwater, QLD ",/places/qld/TSNT/?location=Shoalwater,-22.743,150.658
033317,33,HAY POINT,2005,..,-21.2894,149.3008,GPS,QLD,7.0,..,99367,"Unnamed location, QLD ",/places/qld/TT0F/?location=Unnamed location,-21.289,149.301
033324,33,WOODSTOCK,2011,..,-19.6337,146.8578,Unknown,QLD,63.5,..,95282,"Woodstock, QLD ",/places/qld/TNNE/?location=Woodstock,-19.634,146.858
033327,33,BOWEN AIRPORT AWS,2015,..,-20.0153,148.2138,SURVEY,QLD,5.9,6.4,94383,"Bowen, QLD ",/places/qld/bowen/,-20.015,148.214
033328,33,TOWNSVILLE- FANNING RIVER (DEFENCE),2017,..,-19.7830,146.5000,SURVEY,QLD,325.8,326.3,94273,"Dotswood, QLD ",/places/qld/TNJ0/?location=Dotswood,-19.783,146.500
033329,33,OORALEA RACECOURSE (MACKAY TURF CLUB),2016,..,-21.1700,149.1515,SURVEY,QLD,10.3,..,94352,"Erakala, QLD ",/places/qld/TT0J/?location=Erakala,-21.170,149.151
033331,33,YEPPOON (BARMARYEE),2022,..,-23.1270,150.7010,MAP 1:10 000,QLD,40.0,40.7,94001,"Bondoola, QLD ",/places/qld/TEYT/?location=Bondoola,-23.127,150.701
034035,34,MORANBAH AIRPORT,2012,..,-22.0644,148.0758,GPS,QLD,232.2,232.9,94397,"Unnamed location, QLD ",/places/qld/TKEE/?location=Unnamed location,-22.064,148.076
034084,34,CHARTERS TOWERS AIRPORT,1942,..,-20.0427,146.2716,GPS,QLD,289.8,291.0,94356,"Charters Towers, QLD ",/places/qld/charters-towers/,-20.043,146.272
035065,35,SPRINGSURE COMET ST,1865,..,-24.1230,148.0856,GPS,QLD,344.5,..,95362,"Springsure, QLD ",/places/qld/springsure/,-24.123,148.086
035069,35,TAMBO POST OFFICE,1877,..,-24.8819,146.2564,GPS,QLD,395.1,397.4,94355,"Tambo, QLD ",/places/qld/tambo/,-24.882,146.256
035070,35,TAROOM POST OFFICE,1870,..,-25.6408,149.7958,GPS,QLD,199.0,200.4,94525,"Taroom, QLD ",/places/qld/taroom/,-25.641,149.796
035124,35,CLERMONT AIRPORT,2010,..,-22.7756,147.6217,GPS,QLD,270.3,270.9,94395,"Clermont, QLD ",/places/qld/clermont/,-22.776,147.622
035129,35,ROLLESTON AIRPORT,2010,..,-24.4617,148.6264,GPS,QLD,219.5,220.2,94396,"Rolleston, QLD ",/places/qld/rolleston/,-24.462,148.626
035134,35,BLACKWATER AIRPORT,2013,..,-23.6015,148.8074,GPS,QLD,193.0,193.5,94398,"Stewarton, QLD ",/places/qld/T7WU/?location=Stewarton,-23.602,148.807
035139,35,LOCHINGTON,2010,..,-23.9424,147.5250,GPS,QLD,267.2,267.9,94399,"Lochington, QLD ",/places/qld/T73M/?location=Lochington,-23.942,147.525
035264,35,EMERALD AIRPORT,1981,..,-23.5694,148.1756,GPS,QLD,189.4,190.1,94363,"Emerald, QLD ",/places/qld/emerald/,-23.569,148.176
035277,35,EMERALD RADAR,2010,..,-23.5494,148.2392,SURVEY,QLD,186.6,..,99097,"Unnamed location, QLD ",/places/qld/T7SM/?location=Unnamed location,-23.549,148.239
036007,36,BARCALDINE POST OFFICE,1886,..,-23.5544,145.2883,GPS,QLD,266.9,..,94350,"Barcaldine, QLD ",/places/qld/barcaldine/,-23.554,145.288
036026,36,ISISFORD POST OFFICE,1885,..,-24.2591,144.4406,GPS,QLD,203.0,..,94345,"Isisford, QLD ",/places/qld/isisford/,-24.259,144.441
036031,36,LONGREACH AERO,1949,..,-23.4397,144.2828,GPS,QLD,192.2,192.5,94346,"Longreach, QLD ",/places/qld/longreach/,-23.440,144.283
036034,36,BLACKALL AIRPORT,2001,..,-24.4303,145.4306,GPS,QLD,281.3,282.0,95351,"Blackall, QLD ",/places/qld/T50E/?location=Blackall,-24.430,145.431
036174,36,LONGREACH AERO (AUTO EVAP),2024,..,-23.4397,144.2828,GPS,QLD,192.2,192.5,99345,"Longreach, QLD ",/places/qld/longreach/,-23.440,144.283
037010,37,CAMOOWEAL TOWNSHIP,1891,..,-19.9225,138.1214,GPS,QLD,231.2,231.5,94255,"Camooweal, QLD ",/places/qld/camooweal/,-19.922,138.121
037034,37,THE MONUMENT AIRPORT,2000,..,-21.8125,139.9267,GPS,QLD,288.4,289.1,94336,"Selwyn, QLD ",/places/qld/SKC8/?location=Selwyn,-21.812,139.927
037036,37,TREPELL AIRPORT,2001,..,-21.8400,140.8925,GPS,QLD,266.2,267.1,94338,"Mckinlay, QLD ",/places/qld/SKTX/?location=Mckinlay,-21.840,140.893
037039,37,WINTON AIRPORT,2002,..,-22.3617,143.0836,GPS,QLD,192.2,193.2,94342,"Winton, QLD ",/places/qld/SSQV/?location=Winton,-22.362,143.084
037053,37,CARTERS BORE,2014,..,-20.9358,139.2964,GPS,QLD,396.0,..,94347,"Unnamed location, QLD ",/places/qld/SJQC/?location=Unnamed location,-20.936,139.296
037058,37,URANDANGI AERODROME,2012,..,-21.5979,138.3665,GPS,QLD,178.6,179.4,94344,"Piturie, QLD ",/places/qld/SHFU/?location=Piturie,-21.598,138.367
037059,37,NEW MAY DOWNS,2013,..,-20.5900,139.3411,GPS,QLD,392.0,..,94349,"Unnamed location, QLD ",/places/qld/SJX0/?location=Unnamed location,-20.590,139.341
038000,38,BEDOURIE,1932,..,-24.3597,139.4714,GPS,QLD,91.4,91.2,94334,"Bedourie, QLD ",/places/qld/bedourie/,-24.360,139.471
038002,38,BIRDSVILLE POLICE STATION,1892,..,-25.9003,139.3492,GPS,QLD,37.0,47.5,94482,"Birdsville, QLD ",/places/qld/birdsville/,-25.900,139.349
038003,38,BOULIA AIRPORT,1886,..,-22.9117,139.9039,GPS,QLD,161.8,158.3,94333,"Boulia, QLD ",/places/qld/boulia/,-22.912,139.904
038026,38,BIRDSVILLE AIRPORT,2000,..,-25.8975,139.3472,GPS,QLD,46.6,47.0,95482,"Birdsville, QLD ",/places/qld/birdsville/,-25.898,139.347
038076,38,WINDORAH AIRPORT,2016,..,-25.4117,142.6647,GPS,QLD,132.2,133.0,94489,"Windorah, QLD ",/places/qld/SDT0/?location=Windorah,-25.412,142.665
039039,39,GAYNDAH POST OFFICE,1870,2012,-25.6258,151.6094,GPS,QLD,105.7,107.8,94543,"Gayndah, QLD ",/places/qld/gayndah/,-25.626,151.609
039059,39,LADY ELLIOT ISLAND,1939,..,-24.1116,152.7161,GPS,QLD,3.6,4.2,94388,"Unnamed location, QLD ",/places/qld/TGR4/?location=Unnamed location,-24.112,152.716
039066,39,GAYNDAH AIRPORT,2003,..,-25.6167,151.6156,GPS,QLD,110.9,111.6,95543,"Unnamed location, QLD ",/places/qld/TF6S/?location=Unnamed location,-25.617,151.616
039083,39,ROCKHAMPTON AERO,1939,..,-23.3753,150.4775,GPS,QLD,10.4,10.5,94374,"Rockhampton, QLD ",/places/qld/rockhampton/,-23.375,150.477
039085,39,SANDY CAPE LIGHTHOUSE,1871,..,-24.7297,153.2083,SURVEY,QLD,99.1,100.9,94390,"K'gari, QLD ",/places/qld/W4CJ/?location=K'gari,-24.730,153.208
039089,39,THANGOOL AIRPORT,1929,..,-24.4935,150.5709,SURVEY,QLD,193.1,193.8,94376,"Thangool, QLD ",/places/qld/thangool/,-24.494,150.571
039104,39,MONTO TOWNSHIP,1930,..,-24.8642,151.1247,GPS,QLD,239.0,250.5,94377,"Monto, QLD ",/places/qld/monto/,-24.864,151.125
039122,39,HERON ISLAND RES STN,1956,..,-23.4417,151.9125,GPS,QLD,3.3,5.7,94386,"Unnamed location, QLD ",/places/qld/TGEZ/?location=Unnamed location,-23.442,151.912
039123,39,GLADSTONE RADAR,1957,..,-23.8553,151.2628,GPS,QLD,74.5,75.2,94380,"Gladstone Harbour, QLD ",/places/qld/TG3P/?location=Gladstone Harbour,-23.855,151.263
039128,39,BUNDABERG AERO,1942,..,-24.9069,152.3230,SURVEY,QLD,30.8,31.5,94387,"Bundaberg, QLD ",/places/qld/bundaberg/,-24.907,152.323
039314,39,SEVENTEEN SEVENTY,1986,..,-24.1568,151.8889,GPS,QLD,41.0,38.4,94384,"Seventeen Seventy, QLD ",/places/qld/seventeen-seventy/,-24.157,151.889
039322,39,RUNDLE ISLAND,1994,..,-23.5322,151.2771,GPS,QLD,19.8,20.4,94378,"Unnamed location, QLD ",/places/qld/TG9J/?location=Unnamed location,-23.532,151.277
039326,39,GLADSTONE AIRPORT,1993,..,-23.8697,151.2214,GPS,QLD,16.6,16.9,94381,"Gladstone, QLD ",/places/qld/gladstone/,-23.870,151.221
039356,39,ROCKHAMPTON AERO (AUTO EVAP),2024,..,-23.3753,150.4775,GPS,QLD,10.4,10.5,99346,"Rockhampton, QLD ",/places/qld/rockhampton/,-23.375,150.477
040004,40,AMBERLEY AMO,1941,..,-27.6297,152.7111,GPS,QLD,24.2,24.9,94568,"Amberley, QLD ",/places/qld/amberley/,-27.630,152.711
040043,40,CAPE MORETON LIGHTHOUSE,1869,..,-27.0314,153.4661,GPS,QLD,99.9,100.8,94594,"Moreton Island, QLD ",/places/qld/W16R/?location=Moreton Island,-27.031,153.466
040068,40,DOUBLE ISLAND POINT LIGHTHOUSE,1891,..,-25.9319,153.1906,GPS,QLD,95.6,95.7,94584,"Cooloola, QLD ",/places/qld/W41J/?location=Cooloola,-25.932,153.191
040082,40,UNIVERSITY OF QUEENSLAND GATTON,1897,..,-27.5436,152.3375,GPS,QLD,89.0,..,94562,"Gatton, QLD ",/places/qld/TCJT/?location=Gatton,-27.544,152.338
040093,40,GYMPIE,1870,..,-26.1831,152.6414,GPS,QLD,64.5,65.0,94566,"Gympie, QLD ",/places/qld/gympie/,-26.183,152.641
040121,40,MALENY TAMARIND ST,1915,2017,-26.7528,152.8519,GPS,QLD,425.0,..,94547,"Maleny, QLD ",/places/qld/maleny/,-26.753,152.852
040126,40,MARYBOROUGH,1870,..,-25.5132,152.7152,SURVEY,QLD,9.0,9.6,94567,"Maryborough, QLD ",/places/qld/maryborough/,-25.513,152.715
040209,40,POINT LOOKOUT,1997,..,-27.4361,153.5456,GPS,QLD,41.0,..,94593,"North Stradbroke Island, QLD ",/places/qld/W14X/?location=North Stradbroke Island,-27.436,153.546
040211,40,ARCHERFIELD AIRPORT,1929,..,-27.5716,153.0071,GPS,QLD,12.5,13.0,94575,"Rocklea, QLD ",/places/qld/rocklea/,-27.572,153.007
040223,40,BRISBANE AERO,1929,2000,-27.4178,153.1142,GPS,QLD,4.0,5.0,94579,"Brisbane Airport, QLD ",/places/qld/brisbane-airport/,-27.418,153.114
040265,40,REDLANDS HRS,1953,2013,-27.5278,153.2500,GPS,QLD,16.0,..,94597,"Thornlands, QLD ",/places/qld/thornlands/,-27.528,153.250
040284,40,BEERBURRUM FOREST STATION,1898,..,-26.9586,152.9619,GPS,QLD,48.0,..,95566,"Beerburrum, QLD ",/places/qld/beerburrum/,-26.959,152.962
040405,40,HERVEY BAY AIRPORT,1999,..,-25.3220,152.8817,GPS,QLD,13.0,13.0,95565,"Hervey Bay, QLD ",/places/qld/hervey-bay/,-25.322,152.882
040555,40,TOOLARA (KELLY),1997,2017,-25.9713,152.8609,GPS,QLD,143.0,..,94558,"Toolara Forest, QLD ",/places/qld/TFPV/?location=Toolara Forest,-25.971,152.861
040625,40,MOUNT KANIGAN RADAR,1975,..,-25.9575,152.5769,GPS,QLD,336.0,..,99088,"Kanigan, QLD ",/places/qld/kanigan/,-25.957,152.577
040651,40,JIMNA FORESTRY,1976,2017,-26.6644,152.4606,GPS,QLD,523.0,..,94557,"Jimna, QLD ",/places/qld/jimna/,-26.664,152.461
040717,40,COOLANGATTA,1982,..,-28.1681,153.5053,GPS,QLD,4.0,4.7,94592,"Coolangatta, QLD ",/places/qld/coolangatta/,-28.168,153.505
040764,40,GOLD COAST SEAWAY,1987,..,-27.9390,153.4283,GPS,QLD,3.0,4.2,94580,"Gold Coast Seaway, QLD ",/places/qld/gold-coast-seaway/,-27.939,153.428
040842,40,BRISBANE AERO,1992,..,-27.3917,153.1292,GPS,QLD,4.5,9.5,94578,"Brisbane Airport, QLD ",/places/qld/brisbane-airport/,-27.392,153.129
040854,40,LOGAN CITY WATER TREATMENT PLANT,1992,..,-27.6841,153.1981,GPS,QLD,10.0,..,95581,"Logan Central, QLD ",/places/qld/W114/?location=Logan Central,-27.684,153.198
040856,40,RAINBOW BEACH,1992,..,-25.9007,153.0891,GPS,QLD,14.4,15.6,94564,"Rainbow Beach, QLD ",/places/qld/rainbow-beach/,-25.901,153.089
040861,40,SUNSHINE COAST AIRPORT,1994,..,-26.5990,153.0912,SURVEY,QLD,3.4,3.7,94569,"Marcoola, QLD ",/places/qld/marcoola/,-26.599,153.091
040908,40,TEWANTIN RSL PARK,1995,..,-26.3911,153.0403,.....,QLD,6.4,7.5,94570,"Noosa Heads, QLD ",/places/qld/noosa-heads/,-26.391,153.040
040913,40,BRISBANE,1999,..,-27.4808,153.0389,GPS,QLD,8.1,8.3,94576,"Brisbane, QLD ",/places/qld/brisbane/,-27.481,153.039
040922,40,KINGAROY AIRPORT,2001,..,-26.5737,151.8398,GPS,QLD,433.7,434.5,94549,"Kingaroy, QLD ",/places/qld/kingaroy/,-26.574,151.840
040925,40,BANANA BANK NORTH BEACON,2002,..,-27.5327,153.3333,GPS,QLD,7.0,..,94591,"Moreton Bay, QLD ",/places/qld/W11T/?location=Moreton Bay,-27.533,153.333
040926,40,INNER RECIPROCAL MARKER,2002,..,-27.2633,153.2419,GPS,QLD,10.0,..,94590,"Unnamed location, QLD ",/places/qld/W137/?location=Unnamed location,-27.263,153.242
040927,40,SPITFIRE CHANNEL BEACON,2002,..,-27.0481,153.2664,GPS,QLD,7.0,..,94581,"Unnamed location, QLD ",/places/qld/W13R/?location=Unnamed location,-27.048,153.266
040958,40,REDCLIFFE,2003,..,-27.2169,153.0922,GPS,QLD,12.6,13.1,95591,"Redcliffe, QLD ",/places/qld/redcliffe/,-27.217,153.092
040959,40,REDCLIFFE JETTY,2004,..,-27.2261,153.1172,GPS,QLD,3.6,..,95592,"Unnamed location, QLD ",/places/qld/W12G/?location=Unnamed location,-27.226,153.117
040966,40,BRISBANE (MT STAPYLTON),2006,..,-27.7181,153.2400,GPS,QLD,150.0,..,99093,"Alberton, QLD ",/places/qld/alberton/,-27.718,153.240
040983,40,BEAUDESERT DRUMLEY STREET,2007,..,-27.9707,152.9898,GPS,QLD,47.8,48.4,95575,"Beaudesert, QLD ",/places/qld/beaudesert/,-27.971,152.990
040988,40,NAMBOUR DAFF - HILLSIDE,2007,..,-26.6442,152.9383,GPS,QLD,53.2,54.0,95572,"Nambour, QLD ",/places/qld/nambour/,-26.644,152.938
041095,41,STANTHORPE LESLIE PARADE,1873,..,-28.6617,151.9339,GPS,QLD,784.2,..,94550,"Stanthorpe, QLD ",/places/qld/stanthorpe/,-28.662,151.934
041100,41,TEXAS POST OFFICE,1897,..,-28.8544,151.1681,GPS,QLD,295.0,..,95533,"Texas, QLD ",/places/qld/texas/,-28.854,151.168
041175,41,APPLETHORPE,1965,..,-28.6217,151.9533,GPS,QLD,871.6,872.6,94553,"Applethorpe, QLD ",/places/qld/applethorpe/,-28.622,151.953
041359,41,OAKEY AERO,1970,..,-27.4034,151.7413,GPS,QLD,405.7,407.1,94552,"Kelvinhaugh, QLD ",/places/qld/kelvinhaugh/,-27.403,151.741
041521,41,GOONDIWINDI AIRPORT,1991,2015,-28.5211,150.3256,GPS,QLD,217.6,218.6,94530,"Goondiwindi, QLD ",/places/qld/goondiwindi/,-28.521,150.326
041522,41,DALBY AIRPORT,1992,..,-27.1605,151.2633,SURVEY,QLD,346.2,346.5,94542,"Dalby, QLD ",/places/qld/dalby/,-27.160,151.263
041525,41,WARWICK,1994,..,-28.2061,152.1003,GPS,QLD,475.4,475.8,94555,"Warwick, QLD ",/places/qld/TBU8/?location=Warwick,-28.206,152.100
041529,41,TOOWOOMBA AIRPORT,1996,..,-27.5425,151.9134,GPS,QLD,640.9,641.5,95551,"Toowoomba, QLD ",/places/qld/toowoomba/,-27.543,151.913
041560,41,GOONDIWINDI AIRPORT,2020,..,-28.5226,150.3223,GPS,QLD,216.5,217.1,99468,"Goondiwindi, QLD ",/places/qld/goondiwindi/,-28.523,150.322
042023,42,MILES POST OFFICE,1885,..,-26.6581,150.1844,GPS,QLD,302.0,..,94529,"Miles, QLD ",/places/qld/miles/,-26.658,150.184
042112,42,MILES CONSTANCE STREET,1997,..,-26.6569,150.1819,GPS,QLD,304.8,305.2,95529,"Miles, QLD ",/places/qld/miles/,-26.657,150.182
043015,43,INJUNE POST OFFICE,1925,..,-25.8428,148.5669,GPS,QLD,390.0,391.5,94511,"Injune, QLD ",/places/qld/injune/,-25.843,148.567
043020,43,MITCHELL POST OFFICE,1884,..,-26.4888,147.9777,GPS,QLD,336.5,338.0,94514,"Mitchell, QLD ",/places/qld/mitchell/,-26.489,147.978
043035,43,SURAT,1881,..,-27.1591,149.0702,GPS,QLD,245.7,..,94521,"Noorindoo, QLD ",/places/qld/T3RV/?location=Noorindoo,-27.159,149.070
043091,43,ROMA AIRPORT,1985,..,-26.5477,148.7710,Unknown,QLD,307.4,307.8,94515,"Roma, QLD ",/places/qld/roma/,-26.548,148.771
043109,43,ST GEORGE AIRPORT,1997,..,-28.0478,148.5957,GPS,QLD,198.5,199.1,94517,"St George, QLD ",/places/qld/st-george/,-28.048,148.596
044010,44,BOLLON MARY ST,1885,..,-28.0316,147.4815,GPS,QLD,182.9,190.0,94513,"Bollon, QLD ",/places/qld/bollon/,-28.032,147.482
044021,44,CHARLEVILLE AERO,1942,..,-26.4139,146.2558,GPS,QLD,301.6,303.3,94510,"Charleville, QLD ",/places/qld/charleville/,-26.414,146.256
044026,44,CUNNAMULLA POST OFFICE,1879,..,-28.0689,145.6822,GPS,QLD,188.8,190.6,94500,"Cunnamulla, QLD ",/places/qld/cunnamulla/,-28.069,145.682
044237,44,CHARLEVILLE AERO (AUTO EVAP),2024,..,-26.4139,146.2558,GPS,QLD,301.6,303.3,99348,"Charleville, QLD ",/places/qld/charleville/,-26.414,146.256
045009,45,BALLERA GAS FIELD,1998,..,-27.4008,141.8114,GPS,QLD,114.5,115.2,95487,"Durham, QLD ",/places/qld/S932/?location=Durham,-27.401,141.811
045015,45,QUILPIE AIRPORT,1917,..,-26.6125,144.2578,GPS,QLD,199.6,196.9,94494,"Quilpie, QLD ",/places/qld/quilpie/,-26.613,144.258
045017,45,THARGOMINDAH POST OFFICE,1879,2005,-27.9978,143.8197,GPS,QLD,128.7,130.2,94492,"Thargomindah, QLD ",/places/qld/thargomindah/,-27.998,143.820
045025,45,THARGOMINDAH AIRPORT,1999,..,-27.9867,143.8150,GPS,QLD,130.9,131.4,95492,"Thargomindah, QLD ",/places/qld/thargomindah/,-27.987,143.815
045068,45,JACKSON AIRSERVICES AUSTRALIA,2010,..,-27.5780,142.3792,Unknown,QLD,193.0,193.0,99488,"Durham, QLD ",/places/qld/S95U/?location=Durham,-27.578,142.379
046012,46,WILCANNIA AERODROME AWS,2000,..,-31.5194,143.3850,GPS,NSW,94.3,94.9,95695,"Wilcannia, NSW ",/places/nsw/KY8N/?location=Wilcannia,-31.519,143.385
046037,46,TIBOOBURRA POST OFFICE,1886,2016,-29.4362,142.0097,GPS,NSW,183.0,184.0,94485,"Tibooburra, NSW ",/places/nsw/tibooburra/,-29.436,142.010
046043,46,WILCANNIA (REID ST),1879,..,-31.5631,143.3747,GPS,NSW,75.0,..,94695,"Wilcannia, NSW ",/places/nsw/wilcannia/,-31.563,143.375
046126,46,TIBOOBURRA AIRPORT,1997,..,-29.4448,142.0567,GPS,NSW,176.4,177.1,95485,"Tibooburra, NSW ",/places/nsw/tibooburra/,-29.445,142.057
046128,46,FOWLERS GAP AWS,2004,..,-31.0863,141.7008,GPS,NSW,181.0,181.5,94686,"Fowlers Gap, NSW ",/places/nsw/KWBY/?location=Fowlers Gap,-31.086,141.701
046129,46,WHITE CLIFFS AWS,2005,..,-30.8522,143.0743,GPS,NSW,158.0,158.5,95699,"White Cliffs, NSW ",/places/nsw/KXNE/?location=White Cliffs,-30.852,143.074
046136,46,WANAARING (BORRONA DOWNS AWS),2017,..,-29.7614,143.1135,GPS,NSW,121.0,..,94407,"White Cliffs, NSW ",/places/nsw/KXYC/?location=White Cliffs,-29.761,143.113
046137,46,BOULLIA,2017,..,-30.0708,141.8795,GPS,NSW,100.0,..,99785,"Milparinka, NSW ",/places/nsw/KX9E/?location=Milparinka,-30.071,141.880
046138,46,WHITE CLIFFS (CAWNALMURTEE),2017,..,-30.5807,143.3528,GPS,NSW,146.0,..,99781,"Wilcannia, NSW ",/places/nsw/KXRB/?location=Wilcannia,-30.581,143.353
046139,46,GRASMERE,2017,..,-31.4198,142.6258,GPS,NSW,172.0,..,99778,"Mutawintji, NSW ",/places/nsw/KWUB/?location=Mutawintji,-31.420,142.626
046140,46,WHITE CLIFFS (MT JACK),2017,..,-30.8693,143.7085,GPS,NSW,103.0,..,99780,"Wilcannia, NSW ",/places/nsw/KZ17/?location=Wilcannia,-30.869,143.708
046141,46,MOUNT WOOWOOLARAH,2017,..,-31.2554,141.2389,GPS,NSW,153.0,..,99779,"Broughams Gate, NSW ",/places/nsw/KQZ5/?location=Broughams Gate,-31.255,141.239
046142,46,SMITHVILLE AWS,2017,..,-30.0692,141.0067,GPS,NSW,94.0,..,94796,"Milparinka, NSW ",/places/nsw/KRW5/?location=Milparinka,-30.069,141.007
046143,46,PACKSADDLE (WESTWOOD DOWNS),2017,..,-30.4960,141.3335,GPS,NSW,68.0,..,99782,"Broughams Gate, NSW ",/places/nsw/KRR6/?location=Broughams Gate,-30.496,141.333
046144,46,WINNATHEE,2017,..,-29.7510,141.1105,GPS,NSW,124.0,..,99437,"Milparinka, NSW ",/places/nsw/KRY3/?location=Milparinka,-29.751,141.111
047007,47,BROKEN HILL (PATTON STREET),1889,2015,-31.9759,141.4676,GPS,NSW,315.0,..,94689,"Broken Hill, NSW ",/places/nsw/broken-hill/,-31.976,141.468
047016,47,LAKE VICTORIA STORAGE,1922,..,-34.0438,141.2676,GPS,NSW,26.0,..,94692,"Rufus, NSW ",/places/nsw/KMP5/?location=Rufus,-34.044,141.268
047019,47,MENINDEE POST OFFICE,1876,..,-32.3937,142.4173,GPS,NSW,61.0,..,94694,"Menindee, NSW ",/places/nsw/menindee/,-32.394,142.417
047029,47,POONCARIE MAIL AGENCY,1882,..,-33.3856,142.5696,GPS,NSW,53.0,..,95692,"Pooncarie, NSW ",/places/nsw/pooncarie/,-33.386,142.570
047048,47,BROKEN HILL AIRPORT AWS,1947,..,-32.0012,141.4694,GPS,NSW,281.3,281.7,94691,"Unnamed location, NSW ",/places/nsw/KW2H/?location=Unnamed location,-32.001,141.469
047108,47,BURNDOO,2017,..,-32.0679,143.6500,GPS,NSW,78.0,..,99774,"Wilcannia, NSW ",/places/nsw/KY35/?location=Wilcannia,-32.068,143.650
047109,47,INKERMAN,2017,..,-31.9772,142.1530,GPS,NSW,120.0,..,99769,"Unnamed location, NSW ",/places/nsw/KW6U/?location=Unnamed location,-31.977,142.153
047110,47,NELIA GAARI,2017,..,-32.0079,142.8181,GPS,NSW,86.0,..,99775,"Menindee, NSW ",/places/nsw/KWMS/?location=Menindee,-32.008,142.818
047111,47,WENTWORTH (NULLA),2017,..,-33.8218,141.3592,GPS,NSW,55.0,..,99770,"Pine Camp, NSW ",/places/nsw/KMR8/?location=Pine Camp,-33.822,141.359
047112,47,IVANHOE (OVERNEWTON),2017,..,-32.9416,143.5386,GPS,NSW,82.0,..,99771,"Pan Ban, NSW ",/places/nsw/KVB9/?location=Pan Ban,-32.942,143.539
047113,47,MULURULU AWS,2017,..,-33.3392,143.4000,.....,NSW,78.0,..,94797,"Arumpo, NSW ",/places/nsw/KV81/?location=Arumpo,-33.339,143.400
047114,47,CENTRAL DARLING (TANDOU),2017,..,-32.7107,142.1115,GPS,NSW,59.0,..,99773,"Menindee, NSW ",/places/nsw/KTFW/?location=Menindee,-32.711,142.112
048015,48,BREWARRINA HOSPITAL,1872,..,-29.9614,146.8651,GPS,NSW,115.0,..,95512,"Brewarrina, NSW ",/places/nsw/brewarrina/,-29.961,146.865
048027,48,COBAR MO,1962,..,-31.4840,145.8294,GPS,NSW,260.0,260.0,94711,"Cobar, NSW ",/places/nsw/cobar/,-31.484,145.829
048031,48,COLLARENEBRI (ALBERT ST),1884,..,-29.5406,148.5817,GPS,NSW,145.0,..,95520,"Collarenebri, NSW ",/places/nsw/collarenebri/,-29.541,148.582
048079,48,WANAARING POST OFFICE,1884,..,-29.7029,144.1484,GPS,NSW,108.0,..,94497,"Wanaaring, NSW ",/places/nsw/wanaaring/,-29.703,144.148
048237,48,COBAR AIRPORT AWS,1993,..,-31.5388,145.7964,GPS,NSW,218.0,218.0,94710,"Unnamed location, NSW ",/places/nsw/MNDJ/?location=Unnamed location,-31.539,145.796
048239,48,BOURKE AIRPORT,1994,2009,-30.0423,145.9520,GPS,NSW,107.5,..,95703,"Bourke, NSW ",/places/nsw/bourke/,-30.042,145.952
048243,48,LIGHTNING RIDGE VISITOR INFORMATION CENT,1997,..,-29.4310,147.9722,GPS,NSW,154.0,..,94498,"Lightning Ridge, NSW ",/places/nsw/lightning-ridge/,-29.431,147.972
048245,48,BOURKE AIRPORT AWS,1998,..,-30.0362,145.9521,GPS,NSW,107.3,107.8,94703,"Bourke, NSW ",/places/nsw/bourke/,-30.036,145.952
048246,48,BURRAWANTIE,2017,..,-29.1544,145.4066,GPS,NSW,143.0,..,99439,"Enngonia, NSW ",/places/nsw/T00T/?location=Enngonia,-29.154,145.407
048247,48,WANAARING (DELTA AWS),2017,..,-30.1006,145.3338,GPS,NSW,109.0,..,95681,"Gumbalie, NSW ",/places/nsw/MP84/?location=Gumbalie,-30.101,145.334
048248,48,GUMBOOKA,2017,..,-29.7859,146.2857,GPS,NSW,113.0,..,99436,"North Bourke, NSW ",/places/nsw/MPU0/?location=North Bourke,-29.786,146.286
048249,48,BYROCK (KNIGHTVALE),2017,..,-30.4864,146.3283,GPS,NSW,143.0,..,99784,"Byrock, NSW ",/places/nsw/MPK6/?location=Byrock,-30.486,146.328
048250,48,NOONA AWS,2017,..,-31.7267,144.9313,GPS,NSW,179.0,..,94798,"Noona, NSW ",/places/nsw/KYW9/?location=Noona,-31.727,144.931
049000,49,IVANHOE AERODROME AWS,2000,..,-32.8833,144.3092,GPS,NSW,100.0,100.5,95697,"Ivanhoe, NSW ",/places/nsw/ivanhoe/,-32.883,144.309
049002,49,BALRANALD (RSL),1879,..,-34.6398,143.5610,GPS,NSW,61.0,..,94696,"Balranald, NSW ",/places/nsw/balranald/,-34.640,143.561
049135,49,KILLALA,2017,..,-31.9945,145.9736,GPS,NSW,259.0,..,99776,"Nymagee, NSW ",/places/nsw/MN6U/?location=Nymagee,-31.994,145.974
049136,49,EUABALONG (MOUNT HOPE AWS),2017,..,-32.8261,145.8801,GPS,NSW,209.0,..,95682,"Mount Hope, NSW ",/places/nsw/MJF7/?location=Mount Hope,-32.826,145.880
049137,49,WAIKO,2017,..,-32.8323,144.4645,GPS,NSW,95.0,..,99772,"Unnamed location, NSW ",/places/nsw/KVUE/?location=Unnamed location,-32.832,144.464
050017,50,WEST WYALONG AIRPORT AWS,1999,..,-33.9382,147.1962,GPS,NSW,257.0,257.5,95709,"Wyalong, NSW ",/places/nsw/wyalong/,-33.938,147.196
050031,50,PEAK HILL POST OFFICE,1890,..,-32.7235,148.1902,GPS,NSW,285.0,..,94721,"Peak Hill, NSW ",/places/nsw/MMUN/?location=Peak Hill,-32.724,148.190
050052,50,CONDOBOLIN AG RESEARCH STN,1954,..,-33.0664,147.2283,GPS,NSW,195.0,..,94707,"Condobolin, NSW ",/places/nsw/MM8P/?location=Condobolin,-33.066,147.228
050137,50,CONDOBOLIN AIRPORT AWS,1993,..,-33.0682,147.2133,GPS,NSW,192.6,193.5,95708,"Condobolin, NSW ",/places/nsw/MM8P/?location=Condobolin,-33.068,147.213
051039,51,NYNGAN AIRPORT,1879,..,-31.5495,147.1961,GPS,NSW,173.0,..,94708,"Nyngan, NSW ",/places/nsw/nyngan/,-31.549,147.196
051049,51,TRANGIE RESEARCH STATION AWS,1922,..,-31.9861,147.9489,GPS,NSW,215.0,215.7,95710,"Trangie, NSW ",/places/nsw/MQ7H/?location=Trangie,-31.986,147.949
051161,51,COONAMBLE AIRPORT AWS,1997,..,-30.9776,148.3798,GPS,NSW,181.3,182.0,95718,"Coonamble, NSW ",/places/nsw/MRHB/?location=Coonamble,-30.978,148.380
051162,51,WALGETT (BREWON AWS),2017,..,-30.2411,147.5327,GPS,NSW,130.0,..,94793,"Carinda, NSW ",/places/nsw/MR3R/?location=Carinda,-30.241,147.533
051163,51,KEVELINE,2017,..,-30.4934,147.9422,GPS,NSW,134.0,..,99783,"Gungalman, NSW ",/places/nsw/MR74/?location=Gungalman,-30.493,147.942
051164,51,GIRILAMBONE (OKEH) AWS,2017,..,-31.0824,146.9296,GPS,NSW,178.0,..,94794,"Girilambone, NSW ",/places/nsw/MNYY/?location=Girilambone,-31.082,146.930
052020,52,MUNGINDI POST OFFICE,1887,..,-28.9786,148.9899,GPS,NSW,160.0,..,94520,"Mungindi, NSW ",/places/nsw/mungindi/,-28.979,148.990
052057,52,WEEMELAH (CRINOLYN),2017,..,-29.2403,149.1265,GPS,NSW,163.0,..,99438,"Bullarah, NSW ",/places/nsw/T805/?location=Bullarah,-29.240,149.126
052088,52,WALGETT AIRPORT AWS,1993,..,-30.0372,148.1223,GPS,NSW,133.0,134.0,95715,"Walgett, NSW ",/places/nsw/MREG/?location=Walgett,-30.037,148.122
053048,53,MOREE COMPARISON,1960,1998,-29.4819,149.8383,.....,NSW,212.1,212.1,94527,"Moree, NSW ",/places/nsw/moree/,-29.482,149.838
053115,53,MOREE AERO,1995,..,-29.4898,149.8471,GPS,NSW,213.0,213.8,95527,"Moree, NSW ",/places/nsw/moree/,-29.490,149.847
054003,54,BARRABA (CLIFTON LANE),1881,..,-30.3833,150.6083,GPS,NSW,499.0,..,94761,"Barraba, NSW ",/places/nsw/barraba/,-30.383,150.608
054038,54,NARRABRI AIRPORT AWS,2001,..,-30.3154,149.8302,GPS,NSW,229.0,229.6,95734,"Narrabri, NSW ",/places/nsw/narrabri/,-30.315,149.830
054104,54,PINDARI DAM,1971,..,-29.3899,151.2448,GPS,NSW,462.0,..,94544,"Pindaroi, NSW ",/places/nsw/TB0B/?location=Pindaroi,-29.390,151.245
055024,55,GUNNEDAH RESOURCE CENTRE,1948,..,-31.0261,150.2687,GPS,NSW,307.3,308.9,94740,"Gunnedah, NSW ",/places/nsw/MWUZ/?location=Gunnedah,-31.026,150.269
055049,55,QUIRINDI POST OFFICE,1882,..,-31.5086,150.6793,GPS,NSW,390.0,..,95746,"Quirindi, NSW ",/places/nsw/quirindi/,-31.509,150.679
055136,55,WOOLBROOK (WOOLBROOK ROAD),1958,..,-30.9651,151.3505,GPS,NSW,925.0,..,94792,"Woolbrook, NSW ",/places/nsw/woolbrook/,-30.965,151.351
055202,55,GUNNEDAH AIRPORT AWS,2001,..,-30.9537,150.2494,GPS,NSW,262.6,263.2,95740,"Gunnedah, NSW ",/places/nsw/MXHC/?location=Gunnedah,-30.954,150.249
055286,55,GUNNEDAH (NAMOI (MT BLACK JACK)),2010,..,-31.0236,150.1917,MAP 1:25 000,NSW,695.4,..,99094,"Gunnedah, NSW ",/places/nsw/MXH8/?location=Gunnedah,-31.024,150.192
055325,55,TAMWORTH AIRPORT AWS,1992,..,-31.0742,150.8362,GPS,NSW,394.9,395.9,95762,"Tamworth, NSW ",/places/nsw/tamworth/,-31.074,150.836
056013,56,GLEN INNES AG RESEARCH STN,1910,..,-29.6952,151.6935,GPS,NSW,1060.0,..,94585,"Unnamed location, NSW ",/places/nsw/MZFF/?location=Unnamed location,-29.695,151.694
056018,56,INVERELL RESEARCH CENTRE,1949,..,-29.7752,151.0820,GPS,NSW,664.0,664.3,94541,"Inverell, NSW ",/places/nsw/inverell/,-29.775,151.082
056032,56,TENTERFIELD (FEDERATION PARK),1870,..,-29.0479,152.0172,GPS,NSW,838.0,..,94556,"Tenterfield, NSW ",/places/nsw/tenterfield/,-29.048,152.017
056037,56,ARMIDALE (TREE GROUP NURSERY),1997,..,-30.5243,151.6716,GPS,NSW,987.0,..,94773,"Unnamed location, NSW ",/places/nsw/MZ6F/?location=Unnamed location,-30.524,151.672
056229,56,GUYRA HOSPITAL,1981,..,-30.2122,151.6794,GPS,NSW,1329.0,..,94772,"Guyra, NSW ",/places/nsw/guyra/,-30.212,151.679
056238,56,ARMIDALE AIRPORT AWS,1993,..,-30.5273,151.6158,GPS,NSW,1079.0,1079.6,95773,"Unnamed location, NSW ",/places/nsw/MZ69/?location=Unnamed location,-30.527,151.616
056242,56,INVERELL (RAGLAN ST),1995,..,-29.7796,151.1121,GPS,NSW,582.0,635.6,95541,"Inverell, NSW ",/places/nsw/inverell/,-29.780,151.112
056243,56,GLEN INNES AIRPORT AWS,1996,..,-29.6780,151.6940,GPS,NSW,1044.3,1044.9,94588,"Unnamed location, NSW ",/places/nsw/MZFF/?location=Unnamed location,-29.678,151.694
057095,57,TABULAM (MUIRNE),1970,..,-28.7551,152.4507,GPS,NSW,555.0,..,94587,"Tabulam, NSW ",/places/nsw/TBQJ/?location=Tabulam,-28.755,152.451
058012,58,YAMBA PILOT STATION,1877,..,-29.4325,153.3632,GPS,NSW,27.4,27.9,94589,"Yamba, NSW ",/places/nsw/yamba/,-29.433,153.363
058077,58,GRAFTON RESEARCH STN,1917,..,-29.6224,152.9605,GPS,NSW,25.0,25.6,95571,"Mountain View, NSW ",/places/nsw/mountain-view/,-29.622,152.960
058158,58,MURWILLUMBAH (BRAY PARK),1972,..,-28.3395,153.3809,GPS,NSW,8.0,..,94582,"Byangum, NSW ",/places/nsw/byangum/,-28.340,153.381
058161,58,GRAFTON AIRPORT AWS,1973,..,-29.7583,153.0297,GPS,NSW,25.1,25.7,95570,"Glenugie, NSW ",/places/nsw/QPB3/?location=Glenugie,-29.758,153.030
058198,58,BALLINA AIRPORT AWS,1992,..,-28.8353,153.5585,GPS,NSW,1.3,2.2,94596,"Ballina, NSW ",/places/nsw/ballina/,-28.835,153.559
058208,58,CASINO AIRPORT AWS,1994,..,-28.8824,153.0618,GPS,NSW,20.9,21.2,94573,"Yorklea, NSW ",/places/nsw/W02D/?location=Yorklea,-28.882,153.062
058212,58,EVANS HEAD RAAF BOMBING RANGE AWS,1998,..,-29.1830,153.3964,GPS,NSW,62.5,63.0,94598,"The Gap, NSW ",/places/nsw/W04H/?location=The Gap,-29.183,153.396
058214,58,LISMORE AIRPORT AWS,2002,..,-28.8305,153.2601,GPS,NSW,9.2,9.3,94572,"South Gundurimba, NSW ",/places/nsw/W037/?location=South Gundurimba,-28.831,153.260
058216,58,BYRON BAY (CAPE BYRON AWS),1994,..,-28.6399,153.6358,GPS,NSW,95.0,98.0,94599,"Byron Bay, NSW ",/places/nsw/byron-bay/,-28.640,153.636
059007,59,KEMPSEY AIRPORT AWS,2001,..,-31.0711,152.7717,GPS,NSW,13.0,14.0,94785,"Yarravel, NSW ",/places/nsw/yarravel/,-31.071,152.772
059030,59,SOUTH WEST ROCKS (SMOKY CAPE LIGHTHOUSE),1939,2023,-30.9225,153.0871,GPS,NSW,117.0,120.0,94790,"Arakoon, NSW ",/places/nsw/arakoon/,-30.922,153.087
059040,59,COFFS HARBOUR MO,1943,2015,-30.3107,153.1187,GPS,NSW,5.0,6.0,94791,"Coffs Harbour, NSW ",/places/nsw/coffs-harbour/,-30.311,153.119
059140,59,DORRIGO (OLD CORAMBA RD),1996,..,-30.3444,152.7187,GPS,NSW,746.0,..,94789,"Dorrigo, NSW ",/places/nsw/dorrigo/,-30.344,152.719
059151,59,COFFS HARBOUR AIRPORT,2013,..,-30.3189,153.1162,GPS,NSW,3.5,4.0,95729,"Coffs Harbour, NSW ",/places/nsw/coffs-harbour/,-30.319,153.116
060013,60,FORSTER - TUNCURRY MARINE RESCUE,1896,..,-32.1756,152.5089,MAP 1:25 000,NSW,4.0,..,95778,"Forster, NSW ",/places/nsw/forster/,-32.176,152.509
060026,60,PORT MACQUARIE (HILL ST),1842,2003,-31.4399,152.9110,GPS,NSW,20.0,..,94787,"Port Macquarie, NSW ",/places/nsw/port-macquarie/,-31.440,152.911
060030,60,TAREE (PATANGA CL),1881,..,-31.8908,152.4709,GPS,NSW,14.0,..,94784,"Unnamed location, NSW ",/places/nsw/MYQN/?location=Unnamed location,-31.891,152.471
060085,60,YARRAS (MOUNT SEAVIEW),1949,..,-31.3865,152.2482,GPS,NSW,155.0,..,94783,"Mount Seaview, NSW ",/places/nsw/MYV0/?location=Mount Seaview,-31.387,152.248
060139,60,PORT MACQUARIE AIRPORT AWS (COMPARISON),1995,2022,-31.4335,152.8655,GPS,NSW,4.2,4.9,94786,"Port Macquarie, NSW ",/places/nsw/port-macquarie/,-31.433,152.865
060141,60,TAREE AIRPORT AWS,1997,..,-31.8895,152.5120,GPS,NSW,8.0,9.0,95784,"Taree, NSW ",/places/nsw/taree/,-31.890,152.512
060168,60,PORT MACQUARIE AIRPORT AWS,2020,..,-31.4343,152.8662,GPS,NSW,4.5,5.1,94799,"Port Macquarie, NSW ",/places/nsw/port-macquarie/,-31.434,152.866
061051,61,MURRURUNDI POST OFFICE,1870,2016,-31.7651,150.8363,GPS,NSW,466.0,466.3,94756,"Murrurundi, NSW ",/places/nsw/murrurundi/,-31.765,150.836
061054,61,NELSON BAY (NELSON HEAD),1881,2023,-32.7103,152.1612,GPS,NSW,25.0,..,95779,"Port Stephens, NSW ",/places/nsw/MVUY/?location=Port Stephens,-32.710,152.161
061055,61,NEWCASTLE NOBBYS SIGNAL STATION AWS,1862,..,-32.9184,151.7985,GPS,NSW,33.0,..,94774,"Newcastle, NSW ",/places/nsw/newcastle/,-32.918,151.798
061078,61,WILLIAMTOWN RAAF,1942,..,-32.7939,151.8364,GPS,NSW,7.5,7.9,94776,"Williamtown, NSW ",/places/nsw/williamtown/,-32.794,151.836
061086,61,JERRYS PLAINS POST OFFICE,1884,2014,-32.4963,150.9106,GPS,NSW,87.0,..,94739,"Jerrys Plains, NSW ",/places/nsw/jerrys-plains/,-32.496,150.911
061089,61,SCONE SCS,1950,2019,-32.0632,150.9271,GPS,NSW,216.0,..,94738,"Segenhoe, NSW ",/places/nsw/segenhoe/,-32.063,150.927
061250,61,PATERSON (TOCAL AWS),1967,..,-32.6296,151.5919,GPS,NSW,30.0,..,94775,"Mindaribba, NSW ",/places/nsw/mindaribba/,-32.630,151.592
061260,61,CESSNOCK AIRPORT AWS,1968,..,-32.7914,151.3369,.....,NSW,66.5,67.2,95771,"Cessnock, NSW ",/places/nsw/cessnock/,-32.791,151.337
061281,61,WILLIAMTOWN (NEWCASTLE RADAR),2003,..,-32.7298,152.0254,GPS,NSW,59.6,..,99087,"Anna Bay, NSW ",/places/nsw/MVUM/?location=Anna Bay,-32.730,152.025
061287,61,MERRIWA (ROSCOMMON),1969,..,-32.1852,150.1737,GPS,NSW,375.0,375.5,95754,"Merriwa, NSW ",/places/nsw/MWK2/?location=Merriwa,-32.185,150.174
061288,61,LOSTOCK DAM,1969,..,-32.3322,151.4595,GPS,NSW,200.0,..,95772,"Lostock, NSW ",/places/nsw/MY1V/?location=Lostock,-32.332,151.459
061363,61,SCONE AIRPORT AWS,1988,..,-32.0335,150.8264,GPS,NSW,221.4,221.9,95758,"Scone, NSW ",/places/nsw/scone/,-32.033,150.826
061366,61,NORAH HEAD AWS,1989,..,-33.2814,151.5766,GPS,NSW,18.8,19.6,95770,"Norah Head, NSW ",/places/nsw/norah-head/,-33.281,151.577
061375,61,MANGROVE MOUNTAIN AWS,1994,..,-33.2894,151.2107,GPS,NSW,305.0,..,95774,"Mangrove Mountain, NSW ",/places/nsw/mangrove-mountain/,-33.289,151.211
061388,61,MAITLAND VISITORS CENTRE,1997,2016,-32.7422,151.5668,GPS,NSW,5.0,..,95775,"Maitland, NSW ",/places/nsw/maitland/,-32.742,151.567
061390,61,NEWCASTLE UNIVERSITY,1998,2021,-32.8906,151.7068,GPS,NSW,21.0,..,94781,"Wallsend, NSW ",/places/nsw/wallsend/,-32.891,151.707
061392,61,MURRURUNDI GAP AWS,2003,..,-31.7416,150.7937,GPS,NSW,729.4,730.0,95747,"Murrurundi, NSW ",/places/nsw/MWX1/?location=Murrurundi,-31.742,150.794
061397,61,SINGLETON STP,2002,2019,-32.5902,151.1743,GPS,NSW,45.0,..,94733,"Singleton, NSW ",/places/nsw/singleton/,-32.590,151.174
061412,61,COORANBONG (LAKE MACQUARIE AWS),2008,..,-33.0887,151.4636,GPS,NSW,6.0,6.5,95767,"Cooranbong, NSW ",/places/nsw/cooranbong/,-33.089,151.464
061425,61,GOSFORD AWS,2013,..,-33.4351,151.3614,GPS,NSW,7.0,..,94782,"Green Point, NSW ",/places/nsw/green-point-2251/,-33.435,151.361
061428,61,MAITLAND AIRPORT AWS,2016,..,-32.7023,151.4881,GPS,NSW,27.5,28.3,94650,"Rutherford, NSW ",/places/nsw/rutherford/,-32.702,151.488
061430,61,SINGLETON DEFENCE AWS,2017,..,-32.6976,151.1564,GPS,NSW,125.0,..,99738,"Singleton Military Area, NSW ",/places/nsw/singleton-military-area/,-32.698,151.156
061431,61,MURRURUNDI (HAYDON STREET),2016,..,-31.7678,150.8418,GPS,NSW,467.0,..,94758,"Murrurundi, NSW ",/places/nsw/murrurundi/,-31.768,150.842
061435,61,WILLIAMTOWN RAAF (AUTO EVAP),2024,..,-32.7939,151.8364,GPS,NSW,7.5,7.9,99351,"Williamtown, NSW ",/places/nsw/williamtown/,-32.794,151.836
062013,62,GULGONG POST OFFICE,1881,..,-32.3634,149.5329,GPS,NSW,475.0,..,94732,"Gulgong, NSW ",/places/nsw/gulgong/,-32.363,149.533
062100,62,NULLO MOUNTAIN AWS,1988,..,-32.7244,150.2290,GPS,NSW,1130.0,..,94754,"Nullo Mountain, NSW ",/places/nsw/MTUW/?location=Nullo Mountain,-32.724,150.229
062101,62,MUDGEE AIRPORT AWS,1988,..,-32.5628,149.6149,GPS,NSW,471.0,471.5,94727,"Mudgee, NSW ",/places/nsw/mudgee/,-32.563,149.615
063005,63,BATHURST AGRICULTURAL STATION,1908,..,-33.4288,149.5559,GPS,NSW,713.0,..,94730,"Bathurst, NSW ",/places/nsw/bathurst/,-33.429,149.556
063039,63,KATOOMBA (FARNELLS RD),1885,..,-33.7139,150.2953,GPS,NSW,1017.0,..,94744,"Katoomba, NSW ",/places/nsw/katoomba/,-33.714,150.295
063063,63,OBERON (ALBION ST),1888,2022,-33.6993,149.8670,GPS,NSW,1088.0,..,95735,"Oberon, NSW ",/places/nsw/oberon/,-33.699,149.867
063077,63,SPRINGWOOD (VALLEY HEIGHTS),1883,2022,-33.7065,150.5848,GPS,NSW,320.0,..,95744,"Springwood, NSW ",/places/nsw/springwood/,-33.706,150.585
063226,63,LITHGOW (COOERWULL),1878,..,-33.4769,150.1303,GPS,NSW,900.0,..,94741,"Lithgow, NSW ",/places/nsw/lithgow/,-33.477,150.130
063254,63,ORANGE AGRICULTURAL INSTITUTE,1966,..,-33.3211,149.0828,GPS,NSW,922.0,..,95725,"Unnamed location, NSW ",/places/nsw/MMXF/?location=Unnamed location,-33.321,149.083
063291,63,BATHURST AIRPORT AWS,1988,..,-33.4119,149.6540,GPS,NSW,744.5,745.0,94729,"Glanmire, NSW ",/places/nsw/MTD2/?location=Glanmire,-33.412,149.654
063292,63,MOUNT BOYCE AWS,1989,..,-33.6185,150.2741,GPS,NSW,1080.0,..,94743,"Blue Mountains National Park, NSW ",/places/nsw/MTKU/?location=Blue Mountains National Park,-33.618,150.274
063303,63,ORANGE AIRPORT AWS,1996,..,-33.3768,149.1263,GPS,NSW,944.7,945.3,95726,"Orange, NSW ",/places/nsw/orange/,-33.377,149.126
063308,63,MARRANGAROO (DEFENCE),2017,..,-33.4346,150.1350,GPS,NSW,955.0,..,95686,"Marrangaroo, NSW ",/places/nsw/marrangaroo/,-33.435,150.135
064008,64,COONABARABRAN (SHOWGROUNDS),1879,..,-31.2786,149.2786,GPS,NSW,520.0,..,94728,"Coonabarabran, NSW ",/places/nsw/MWBD/?location=Coonabarabran,-31.279,149.279
064009,64,DUNEDOO POST OFFICE,1912,..,-32.0165,149.3956,GPS,NSW,388.0,..,95727,"Dunedoo, NSW ",/places/nsw/dunedoo/,-32.017,149.396
064017,64,COONABARABRAN AIRPORT AWS,2001,..,-31.3330,149.2699,Unknown,NSW,645.0,645.6,95728,"Tannabar, NSW ",/places/nsw/MWB9/?location=Tannabar,-31.333,149.270
065012,65,DUBBO (DARLING STREET),1870,2009,-32.2385,148.6089,GPS,NSW,260.0,..,94719,"Unnamed location, NSW ",/places/nsw/MQJZ/?location=Unnamed location,-32.239,148.609
065034,65,WELLINGTON (D&J RURAL),1881,..,-32.5635,148.9503,GPS,NSW,305.0,..,94723,"Wellington, NSW ",/places/nsw/wellington/,-32.563,148.950
065068,65,PARKES AIRPORT AWS,1941,..,-33.1281,148.2428,GPS,NSW,323.3,324.0,95717,"Unnamed location, NSW ",/places/nsw/MMSM/?location=Unnamed location,-33.128,148.243
065070,65,DUBBO AIRPORT AWS,1946,..,-32.2206,148.5753,GPS,NSW,284.0,285.0,95719,"Dubbo, NSW ",/places/nsw/dubbo/,-32.221,148.575
065103,65,FORBES AIRPORT AWS,1995,..,-33.3627,147.9205,GPS,NSW,230.4,231.0,94715,"Forbes, NSW ",/places/nsw/MME1/?location=Forbes,-33.363,147.921
065111,65,COWRA AIRPORT AWS,2004,..,-33.8382,148.6540,GPS,NSW,300.4,301.0,95721,"Cowra, NSW ",/places/nsw/cowra/,-33.838,148.654
066016,66,SYDNEY (KURNELL RADAR),1999,..,-34.0148,151.2263,SURVEY,NSW,39.0,..,99090,"Botany Bay, NSW ",/places/nsw/MV0U/?location=Botany Bay,-34.015,151.226
066022,66,FORT DENISON,1989,..,-33.8551,151.2254,DEM 3 Sec SRTM,NSW,5.0,..,94769,"Sydney, NSW ",/places/nsw/sydney/,-33.855,151.225
066037,66,SYDNEY AIRPORT AMO,1929,..,-33.9465,151.1731,SURVEY,NSW,6.0,5.0,94767,"Mascot, NSW ",/places/nsw/MV0T/?location=Mascot,-33.947,151.173
066043,66,KURNELL AWS,2000,..,-34.0039,151.2111,GPS,NSW,4.0,..,95756,"Botany Bay, NSW ",/places/nsw/MV0U/?location=Botany Bay,-34.004,151.211
066051,66,LITTLE BAY (THE COAST GOLF CLUB),1925,..,-33.9829,151.2502,GPS,NSW,22.0,..,94780,"Little Bay, NSW ",/places/nsw/MV1H/?location=Little Bay,-33.983,151.250
066059,66,TERREY HILLS AWS,2004,..,-33.6908,151.2253,GPS,NSW,199.0,..,94759,"Terrey Hills, NSW ",/places/nsw/terrey-hills/,-33.691,151.225
066124,66,PARRAMATTA NORTH (MASONS DRIVE),1965,..,-33.7917,151.0181,GPS,NSW,55.0,..,94764,"Parramatta, NSW ",/places/nsw/parramatta/,-33.792,151.018
066131,66,RIVERVIEW OBSERVATORY,1905,2015,-33.8258,151.1556,GPS,NSW,40.0,..,95764,"Hunters Hill, NSW ",/places/nsw/hunters-hill/,-33.826,151.156
066137,66,BANKSTOWN AIRPORT AWS,1968,..,-33.9176,150.9837,GPS,NSW,7.2,7.7,94765,"Chipping Norton, NSW ",/places/nsw/chipping-norton/,-33.918,150.984
066161,66,HOLSWORTHY AERODROME AWS,2012,..,-33.9925,150.9489,GPS,NSW,68.2,68.8,95761,"Holsworthy, NSW ",/places/nsw/MTPS/?location=Holsworthy,-33.992,150.949
066172,66,SYDNEY AIRPORT WIND PROFILER,1976,..,-33.9631,151.1854,.....,NSW,3.0,3.0,95759,"Mascot, NSW ",/places/nsw/MV0T/?location=Mascot,-33.963,151.185
066193,66,MARSFIELD (MACQUARIE UNIVERSITY NO:2),1994,..,-33.7654,151.1176,GPS,NSW,51.0,..,95769,"Pennant Hills, NSW ",/places/nsw/pennant-hills/,-33.765,151.118
066194,66,CANTERBURY RACECOURSE AWS,1995,..,-33.9057,151.1134,GPS,NSW,3.0,..,94766,"Canterbury, NSW ",/places/nsw/canterbury/,-33.906,151.113
066196,66,SYDNEY HARBOUR (WEDDING CAKE WEST),1996,..,-33.8405,151.2643,GPS,NSW,6.0,..,95766,"Vaucluse, NSW ",/places/nsw/vaucluse/,-33.840,151.264
066197,66,MANLY (NORTH HEAD),1997,..,-33.8152,151.2986,GPS,NSW,90.0,..,95768,"Manly, NSW ",/places/nsw/manly/,-33.815,151.299
066208,66,WATTAMOLLA AWS,2007,..,-34.1407,151.1185,GPS,NSW,44.0,..,95752,"Royal National Park, NSW ",/places/nsw/MV03/?location=Royal National Park,-34.141,151.119
066210,66,SYDNEY RADAR (TERREY HILLS),2007,..,-33.7008,151.2094,.....,NSW,198.5,..,99096,"Terrey Hills, NSW ",/places/nsw/terrey-hills/,-33.701,151.209
066212,66,SYDNEY OLYMPIC PARK AWS (ARCHERY CENTRE),2011,..,-33.8338,151.0718,GPS,NSW,4.0,..,95765,"Concord, NSW ",/places/nsw/concord/,-33.834,151.072
066214,66,SYDNEY (OBSERVATORY HILL),2017,..,-33.8593,151.2048,GPS,NSW,43.4,43.9,94768,"Sydney, NSW ",/places/nsw/sydney/,-33.859,151.205
067007,67,SHANES PARK (SHANES  PARK PROFILER),2000,..,-33.7086,150.7906,.....,NSW,25.0,..,94745,"Marsden Park, NSW ",/places/nsw/MTR4/?location=Marsden Park,-33.709,150.791
067019,67,PROSPECT RESERVOIR,1887,..,-33.8193,150.9127,GPS,NSW,61.0,..,94736,"Prospect, NSW ",/places/nsw/prospect/,-33.819,150.913
067105,67,RICHMOND RAAF,1993,..,-33.6004,150.7761,GPS,NSW,19.0,20.0,95753,"Richmond, NSW ",/places/nsw/richmond/,-33.600,150.776
067108,67,BADGERYS CREEK AWS,1995,..,-33.8969,150.7281,GPS,NSW,81.2,82.0,94752,"Badgerys Creek, NSW ",/places/nsw/badgerys-creek/,-33.897,150.728
067113,67,PENRITH LAKES AWS,1995,..,-33.7195,150.6783,GPS,NSW,24.7,..,94763,"Penrith, NSW ",/places/nsw/penrith/,-33.719,150.678
067117,66,HOLSWORTHY CONTROL RANGE,1998,2014,-33.9795,150.9254,GPS,NSW,40.0,..,94762,"Holsworthy, NSW ",/places/nsw/MTPS/?location=Holsworthy,-33.980,150.925
067119,67,HORSLEY PARK EQUESTRIAN CENTRE AWS,1997,..,-33.8510,150.8567,GPS,NSW,100.0,..,94760,"Horsley Park, NSW ",/places/nsw/horsley-park/,-33.851,150.857
068034,68,JERVIS BAY (POINT PERPENDICULAR LIGHTHOU,1899,2004,-35.0936,150.8048,GPS,NSW,85.0,83.4,94940,"Unnamed location, NSW ",/places/nsw/MSRN/?location=Unnamed location,-35.094,150.805
068072,68,NOWRA RAN AIR STATION AWS,2000,..,-34.9469,150.5353,GPS,NSW,109.0,105.0,94750,"Nowra, NSW ",/places/nsw/nowra/,-34.947,150.535
068102,68,BOWRAL (PARRY DRIVE),1961,2015,-34.4869,150.4019,GPS,NSW,690.0,..,94747,"Bowral, NSW ",/places/nsw/bowral/,-34.487,150.402
068151,68,JERVIS BAY (POINT PERPENDICULAR AWS),2001,..,-35.0936,150.8049,GPS,NSW,85.0,84.1,95940,"Unnamed location, NSW ",/places/nsw/MSRN/?location=Unnamed location,-35.094,150.805
068192,68,CAMDEN AIRPORT AWS,1943,..,-34.0390,150.6890,GPS,NSW,73.9,74.6,94755,"Grasmere, NSW ",/places/nsw/grasmere/,-34.039,150.689
068219,68,WOLLONGONG (APPIN),1982,..,-34.2625,150.8752,GPS,NSW,449.0,..,99086,"Cataract, NSW ",/places/nsw/MSZR/?location=Cataract,-34.263,150.875
068228,68,BELLAMBI AWS,1988,..,-34.3692,150.9291,Unknown,NSW,10.0,..,94749,"Wollongong, NSW ",/places/nsw/wollongong/,-34.369,150.929
068236,68,NOWRA RAN AIR STATION (NORTH ANEMOMETER),2013,..,-34.9369,150.5479,GPS,NSW,115.0,..,99745,"Nowra, NSW ",/places/nsw/nowra/,-34.937,150.548
068239,68,MOSS VALE AWS,2001,..,-34.5253,150.4217,GPS,NSW,678.4,679.0,94746,"Moss Vale, NSW ",/places/nsw/MSV9/?location=Moss Vale,-34.525,150.422
068241,68,ALBION PARK (SHELLHARBOUR AIRPORT),1999,..,-34.5639,150.7924,.....,NSW,8.0,8.5,95748,"Albion Park, NSW ",/places/nsw/albion-park/,-34.564,150.792
068242,68,KIAMA (BOMBO HEADLAND),2001,..,-34.6532,150.8609,GPS,NSW,15.5,..,95749,"Kiama, NSW ",/places/nsw/kiama/,-34.653,150.861
068253,68,PORT KEMBLA NTC AWS,1990,..,-34.4734,150.9118,MAP 1:250 000,NSW,0.0,1.3,95745,"Port Kembla, NSW ",/places/nsw/MSZE/?location=Port Kembla,-34.473,150.912
068257,68,CAMPBELLTOWN (MOUNT ANNAN),2006,..,-34.0615,150.7735,GPS,NSW,112.0,..,94757,"Campbelltown, NSW ",/places/nsw/campbelltown/,-34.062,150.774
068258,68,NOWRA RAN AIR STATION (WEST ANEMOMETER),2013,..,-34.9497,150.5296,GPS,NSW,115.0,..,99747,"Yerriyong, NSW ",/places/nsw/MSTC/?location=Yerriyong,-34.950,150.530
068259,68,NOWRA RAN AIR STATION (EAST ANEMOMETER),2013,..,-34.9508,150.5444,GPS,NSW,105.0,..,99744,"Nowra, NSW ",/places/nsw/nowra/,-34.951,150.544
068260,68,NOWRA RAN AIR STATION (PTS ANEMOMETER),2013,..,-34.9606,150.5249,GPS,NSW,125.0,..,99746,"Yerriyong, NSW ",/places/nsw/MSTC/?location=Yerriyong,-34.961,150.525
068262,68,HIGH RANGE AWS (WANGANDERRY),2014,..,-34.3335,150.2670,GPS,NSW,813.6,814.2,99742,"High Range, NSW ",/places/nsw/MSUV/?location=High Range,-34.334,150.267
068263,68,HOLSWORTHY DEFENCE AWS,2017,..,-34.0810,150.9009,GPS,NSW,165.0,..,95684,"Holsworthy, NSW ",/places/nsw/MTPD/?location=Holsworthy,-34.081,150.901
068264,68,JERVIS BAY NSW (JERVIS BAY AIRFIELD AWS),2018,..,-35.1439,150.6973,Unknown,NSW,57.2,57.7,94751,"Jervis Bay, NSW ",/places/nsw/jervis-bay/,-35.144,150.697
069017,69,MONTAGUE ISLAND LIGHTHOUSE,1949,..,-36.2519,150.2275,GPS,NSW,52.0,53.8,94939,"Unnamed location, NSW ",/places/nsw/MESX/?location=Unnamed location,-36.252,150.227
069018,69,MORUYA HEADS PILOT STATION,1875,..,-35.9093,150.1532,GPS,NSW,17.0,16.8,94937,"Moruya, NSW ",/places/nsw/MEUQ/?location=Moruya,-35.909,150.153
069022,69,NAROOMA (MARINE RESCUE),1910,..,-36.2144,150.1358,GPS,NSW,25.0,..,95935,"Kianga, NSW ",/places/nsw/MEU2/?location=Kianga,-36.214,150.136
069049,69,NERRIGA COMPOSITE,1898,..,-35.1165,150.0847,GPS,NSW,630.0,..,94942,"Nerriga, NSW ",/places/nsw/nerriga/,-35.117,150.085
069128,69,NERRIGA AWS,2013,..,-35.1103,150.0826,GPS,NSW,622.0,625.6,94943,"Nerriga, NSW ",/places/nsw/nerriga/,-35.110,150.083
069132,69,BRAIDWOOD RACECOURSE AWS,1985,..,-35.4253,149.7835,GPS,NSW,665.2,666.0,94927,"Braidwood, NSW ",/places/nsw/braidwood/,-35.425,149.784
069134,69,BATEMANS BAY (CATALINA COUNTRY CLUB),1991,..,-35.7234,150.1872,GPS,NSW,11.0,..,94941,"Batemans Bay, NSW ",/places/nsw/batemans-bay/,-35.723,150.187
069137,69,GREEN CAPE AWS,1991,..,-37.2622,150.0504,GPS,NSW,19.4,20.0,94934,"Green Cape, NSW ",/places/nsw/ME5G/?location=Green Cape,-37.262,150.050
069138,69,ULLADULLA AWS,1989,..,-35.3635,150.4828,GPS,NSW,35.7,36.7,94938,"Ulladulla, NSW ",/places/nsw/ulladulla/,-35.364,150.483
069139,69,BEGA AWS,1992,..,-36.6722,149.8191,GPS,NSW,41.0,42.0,95931,"Bega, NSW ",/places/nsw/bega/,-36.672,149.819
069147,69,MERIMBULA AIRPORT AWS,1998,..,-36.9077,149.8989,GPS,NSW,1.5,2.0,95929,"Merimbula, NSW ",/places/nsw/merimbula/,-36.908,149.899
069148,69,MORUYA AIRPORT AWS,1999,..,-35.9004,150.1437,GPS,NSW,4.0,4.6,95937,"Moruya, NSW ",/places/nsw/MEUQ/?location=Moruya,-35.900,150.144
070005,70,BOMBALA (THERRY STREET),1885,..,-36.9113,149.2379,GPS,NSW,705.0,..,94928,"Bombala, NSW ",/places/nsw/bombala/,-36.911,149.238
070014,70,CANBERRA AIRPORT COMPARISON,1939,2010,-35.3049,149.2014,GPS,NSW,578.4,580.0,95926,"Canberra, NSW ",/places/act/canberra/,-35.305,149.201
070080,70,TARALGA (COMMUNITY GARDEN),1882,..,-34.4002,149.8174,GPS,NSW,845.0,..,94735,"Taralga, NSW ",/places/nsw/taralga/,-34.400,149.817
070217,70,COOMA AIRPORT AWS,1967,..,-36.2939,148.9725,GPS,NSW,930.0,931.0,94921,"Coolringdon, NSW ",/places/nsw/M7XQ/?location=Coolringdon,-36.294,148.972
070263,70,GOULBURN TAFE,1971,..,-34.7495,149.7034,GPS,NSW,670.0,..,94716,"Goulburn, NSW ",/places/nsw/goulburn/,-34.749,149.703
070278,70,COOMA VISITORS CENTRE,1973,..,-36.2318,149.1243,GPS,NSW,778.0,..,94923,"Cooma, NSW ",/places/nsw/cooma/,-36.232,149.124
070328,70,BOMBALA AWS,1988,..,-37.0015,149.2336,GPS,NSW,760.5,761.5,94929,"Rosemeath, NSW ",/places/nsw/ME28/?location=Rosemeath,-37.002,149.234
070330,70,GOULBURN AIRPORT AWS,1988,..,-34.8085,149.7311,GPS,NSW,640.0,640.8,95716,"Brisbane Grove, NSW ",/places/nsw/brisbane-grove/,-34.809,149.731
070339,70,TUGGERANONG (ISABELLA PLAINS) AWS,1996,..,-35.4184,149.0937,GPS,NSW,586.7,587.5,94925,"Tuggeranong, NSW ",/places/act/tuggeranong/,-35.418,149.094
070341,70,CAPTAINS FLAT (COWANGERONG RADAR),2002,..,-35.6614,149.5122,GPS,NSW,1358.0,..,99089,"Jingera, NSW ",/places/nsw/MS1E/?location=Jingera,-35.661,149.512
070349,70,MOUNT GININI AWS,2004,..,-35.5293,148.7721,GPS,NSW,1760.0,..,95925,"Mount Ginini, NSW ",/places/act/mount-ginini/,-35.529,148.772
070351,70,CANBERRA AIRPORT,2008,..,-35.3106,149.1970,GPS,NSW,577.1,577.6,94926,"Canberra, NSW ",/places/act/canberra/,-35.311,149.197
070358,70,YASS (RURAL FIRE SERVICE),2011,2018,-34.8225,148.9080,GPS,NSW,498.0,..,95723,"Unnamed location, NSW ",/places/nsw/MKXH/?location=Unnamed location,-34.822,148.908
071032,71,THREDBO AWS,1966,..,-36.4917,148.2859,GPS,NSW,1957.0,1957.6,95909,"Thredbo Top Station, NSW ",/places/nsw/thredbo-top-station/,-36.492,148.286
071041,71,THREDBO VILLAGE,1969,..,-36.5031,148.3038,GPS,NSW,1380.0,..,95908,"Thredbo Top Station, NSW ",/places/nsw/thredbo-top-station/,-36.503,148.304
071075,71,PERISHER VALLEY AWS,2010,..,-36.4069,148.4055,GPS,NSW,1738.0,..,94915,"Perisher Valley, NSW ",/places/nsw/perisher-valley/,-36.407,148.405
072023,72,HUME RESERVOIR,1922,..,-36.1039,147.0329,GPS,NSW,184.0,..,94901,"Lake Hume Village, VIC ",/places/nsw/lake-hume-village/,-36.104,147.033
072043,72,TUMBARUMBA POST OFFICE,1885,..,-35.7780,148.0122,GPS,NSW,645.0,..,94918,"Tumbarumba, NSW ",/places/nsw/tumbarumba/,-35.778,148.012
072091,72,CABRAMURRA SMHEA,1955,1999,-35.9383,148.3842,GPS,NSW,1475.0,..,94916,"Cabramurra, NSW ",/places/nsw/cabramurra/,-35.938,148.384
072150,72,WAGGA WAGGA AMO,1941,..,-35.1583,147.4575,.....,NSW,212.0,213.0,94910,"Wagga Wagga, NSW ",/places/nsw/wagga-wagga/,-35.158,147.458
072160,72,ALBURY AIRPORT AWS,1993,..,-36.0690,146.9509,GPS,NSW,163.5,164.5,95896,"Albury, NSW ",/places/nsw/albury/,-36.069,146.951
072161,72,CABRAMURRA SMHEA AWS,1996,..,-35.9371,148.3779,GPS,NSW,1482.4,..,95916,"Cabramurra, NSW ",/places/nsw/cabramurra/,-35.937,148.378
072162,72,KHANCOBAN AWS,1996,..,-36.2304,148.1405,GPS,NSW,339.3,340.0,94919,"Khancoban, NSW ",/places/nsw/M7EZ/?location=Khancoban,-36.230,148.141
072174,72,WAGGA WAGGA AMO (AUTO EVAP),2024,..,-35.1583,147.4575,.....,NSW,212.0,213.0,99352,"Wagga Wagga, NSW ",/places/nsw/wagga-wagga/,-35.158,147.458
073007,73,BURRINJUCK DAM,1908,..,-34.9997,148.5984,GPS,NSW,390.0,..,94909,"Burrinjuck, NSW ",/places/nsw/burrinjuck/,-35.000,148.598
073014,73,GRENFELL (MANGANESE RD),1885,..,-33.8934,148.1523,GPS,NSW,390.0,..,94725,"Grenfell, NSW ",/places/nsw/grenfell/,-33.893,148.152
073032,73,QUANDIALLA POST OFFICE,1925,..,-34.0112,147.7937,GPS,NSW,250.0,..,94704,"Quandialla, NSW ",/places/nsw/MM4S/?location=Quandialla,-34.011,147.794
073054,73,WYALONG POST OFFICE,1895,..,-33.9262,147.2418,GPS,NSW,245.0,..,94709,"Wyalong, NSW ",/places/nsw/wyalong/,-33.926,147.242
073138,73,YOUNG AIRPORT,1988,..,-34.2493,148.2475,GPS,NSW,379.6,380.6,94712,"Young, NSW ",/places/nsw/young/,-34.249,148.248
073141,73,GUNDAGAI (NANGUS RD),1995,2025,-35.0640,148.0986,GPS,NSW,225.0,..,94890,"Gundagai, NSW ",/places/nsw/gundagai/,-35.064,148.099
073142,73,COOTAMUNDRA AIRPORT,1995,..,-34.6299,148.0365,GPS,NSW,335.0,..,94714,"Cootamundra, NSW ",/places/nsw/cootamundra/,-34.630,148.036
073151,73,TEMORA AIRPORT,2005,..,-34.4277,147.5117,GPS,NSW,280.5,281.0,95722,"Temora, NSW ",/places/nsw/temora/,-34.428,147.512
074034,74,COROWA AIRPORT,1890,..,-35.9887,146.3574,GPS,NSW,143.0,..,95895,"Corowa, NSW ",/places/nsw/corowa/,-35.989,146.357
074037,74,YANCO AGRICULTURAL INSTITUTE,1957,..,-34.6222,146.4327,.....,NSW,164.0,164.7,95705,"Merungle Hill, NSW ",/places/nsw/merungle-hill/,-34.622,146.433
074106,74,TOCUMWAL AIRPORT,1897,2022,-35.8170,145.6004,GPS,NSW,114.0,..,94877,"Tocumwal, NSW ",/places/nsw/MH12/?location=Tocumwal,-35.817,145.600
074128,74,DENILIQUIN (VISITOR INFORMATION CENTRE),1858,..,-35.5283,144.9651,GPS,NSW,96.0,..,94563,"Deniliquin, NSW ",/places/nsw/deniliquin/,-35.528,144.965
074148,74,NARRANDERA AIRPORT AWS,1967,..,-34.7050,146.5140,GPS,NSW,145.0,145.5,95706,"Narrandera, NSW ",/places/nsw/MHTN/?location=Narrandera,-34.705,146.514
074221,74,NARRANDERA GOLF CLUB,1969,2015,-34.7325,146.5592,GPS,NSW,173.0,..,94706,"Narrandera, NSW ",/places/nsw/narrandera/,-34.733,146.559
074258,74,DENILIQUIN AIRPORT AWS,1997,..,-35.5575,144.9458,GPS,NSW,94.0,94.7,95869,"Deniliquin, NSW ",/places/nsw/deniliquin/,-35.557,144.946
074272,74,KAPOOKA (DEFENCE),2017,..,-35.1327,147.2512,GPS,NSW,187.0,..,94944,"Yarragundry, NSW ",/places/nsw/MK2J/?location=Yarragundry,-35.133,147.251
075019,75,HAY AIRPORT AWS,2007,..,-34.5412,144.8315,.....,NSW,92.0,92.5,94702,"Hay South, NSW ",/places/nsw/KUY1/?location=Hay South,-34.541,144.832
075031,75,HAY (MILLER STREET),1877,2015,-34.5194,144.8545,GPS,NSW,93.3,94.0,94698,"Hay, NSW ",/places/nsw/hay/,-34.519,144.855
075032,75,HILLSTON AIRPORT,1881,..,-33.4915,145.5248,GPS,NSW,122.0,120.2,94700,"Hillston, NSW ",/places/nsw/hillston/,-33.492,145.525
075039,75,LAKE CARGELLIGO AIRPORT,1881,..,-33.2832,146.3706,GPS,NSW,169.0,..,95707,"Lake Cargelligo, NSW ",/places/nsw/lake-cargelligo/,-33.283,146.371
075041,75,GRIFFITH AIRPORT AWS,1960,..,-34.2487,146.0695,GPS,NSW,134.0,135.0,95704,"Griffith, NSW ",/places/nsw/griffith/,-34.249,146.070
076031,76,MILDURA AIRPORT,1946,..,-34.2358,142.0867,GPS,VIC,50.0,51.1,94693,"Unnamed location, VIC ",/places/vic/KSFX/?location=Unnamed location,-34.236,142.087
076047,76,OUYEN (POST OFFICE),1911,..,-35.0682,142.3125,GPS,VIC,65.0,..,94831,"Ouyen, VIC ",/places/vic/ouyen/,-35.068,142.312
076064,76,WALPEUP RESEARCH,1939,..,-35.1201,142.0040,GPS,VIC,105.0,..,95831,"Walpeup, VIC ",/places/vic/KS6N/?location=Walpeup,-35.120,142.004
077010,77,HOPETOUN AIRPORT,2004,..,-35.7151,142.3569,GPS,VIC,77.3,77.9,94838,"Hopetoun, VIC ",/places/vic/KS5D/?location=Hopetoun,-35.715,142.357
077011,77,WAGON FLAT,2020,..,-35.8726,141.3883,GPS,VIC,135.0,..,99893,"Big Desert, VIC ",/places/vic/K7ZX/?location=Big Desert,-35.873,141.388
077094,77,SWAN HILL AERODROME,1996,..,-35.3766,143.5416,GPS,VIC,71.0,71.1,94843,"Unnamed location, VIC ",/places/vic/KU28/?location=Unnamed location,-35.377,143.542
078015,78,NHILL AERODROME,2003,..,-36.3093,141.6486,GPS,VIC,138.9,139.5,94827,"Unnamed location, VIC ",/places/vic/KE8Y/?location=Unnamed location,-36.309,141.649
078018,78,KELLALAC (WARRACKNABEAL AIRPORT),2016,..,-36.3203,142.4161,GPS,VIC,118.3,118.9,94920,"Unnamed location, VIC ",/places/vic/KEEY/?location=Unnamed location,-36.320,142.416
078031,78,NHILL,1897,2009,-36.3347,141.6367,GPS,VIC,133.0,..,95829,"Nhill, VIC ",/places/vic/nhill/,-36.335,141.637
078032,78,GERANG GERUNG (COMPARISON),2021,..,-36.3982,141.8792,GPS,VIC,135.0,..,99892,"Gerang Gerung, VIC ",/places/vic/KE9S/?location=Gerang Gerung,-36.398,141.879
078077,78,WARRACKNABEAL MUSEUM,1969,2019,-36.2614,142.4050,GPS,VIC,113.4,..,94841,"Warracknabeal, VIC ",/places/vic/warracknabeal/,-36.261,142.405
079028,79,LONGERENONG,1860,..,-36.6722,142.2991,.....,VIC,133.0,..,95835,"Dooen, VIC ",/places/vic/dooen/,-36.672,142.299
079097,79,KANAGULK,2004,..,-37.1169,141.8031,GPS,VIC,188.8,189.4,95827,"Kanagulk, VIC ",/places/vic/KE1Q/?location=Kanagulk,-37.117,141.803
079099,79,EDENHOPE AIRPORT,2005,..,-37.0222,141.2657,GPS,VIC,155.0,..,95832,"Edenhope, VIC ",/places/vic/edenhope/,-37.022,141.266
079100,79,HORSHAM AERODROME,1990,..,-36.6699,142.1733,GPS,VIC,133.8,134.4,95839,"Pimpinio, VIC ",/places/vic/KE6Z/?location=Pimpinio,-36.670,142.173
079101,79,PYRENEES (BEN NEVIS),2007,..,-37.2281,143.2005,GPS,VIC,875.0,..,94835,"Mount Cole, VIC ",/places/vic/KEP7/?location=Mount Cole,-37.228,143.201
079103,79,GRAMPIANS (MOUNT WILLIAM),2005,..,-37.2950,142.6039,GPS,VIC,1150.0,..,94833,"Pomonal, VIC ",/places/vic/KEHF/?location=Pomonal,-37.295,142.604
079105,79,STAWELL AERODROME,1996,..,-37.0720,142.7402,GPS,VIC,235.4,235.9,94836,"Stawell, VIC ",/places/vic/stawell/,-37.072,142.740
079109,79,PATYAH (BOOROOPKI COMPARISON),2021,..,-36.8141,141.2600,GPS,VIC,139.0,..,99891,"Ozenkadnook, VIC ",/places/vic/K7RH/?location=Ozenkadnook,-36.814,141.260
080015,80,ECHUCA AERODROME,1859,..,-36.1639,144.7639,GPS,VIC,96.0,99.8,94861,"Echuca, VIC ",/places/vic/echuca/,-36.164,144.764
080023,80,KERANG,1880,..,-35.7466,143.9350,GPS,VIC,78.0,..,94844,"Unnamed location, VIC ",/places/vic/KU43/?location=Unnamed location,-35.747,143.935
080091,80,KYABRAM,1964,..,-36.3350,145.0638,GPS,VIC,105.0,..,95833,"Kyabram, VIC ",/places/vic/kyabram/,-36.335,145.064
080128,80,CHARLTON,2004,..,-36.2846,143.3341,GPS,VIC,131.7,132.2,94839,"Charlton, VIC ",/places/vic/KEXY/?location=Charlton,-36.285,143.334
081049,81,TATURA INST SUSTAINABLE AG,1942,..,-36.4379,145.2673,.....,VIC,114.0,..,95836,"Tatura, VIC ",/places/vic/tatura/,-36.438,145.267
081123,81,BENDIGO AIRPORT,1991,..,-36.7411,144.3274,GPS,VIC,209.2,210.0,94855,"Bendigo, VIC ",/places/vic/bendigo/,-36.741,144.327
081124,81,YARRAWONGA,1993,..,-36.0294,146.0305,GPS,VIC,128.9,129.2,94862,"Yarrawonga, VIC ",/places/vic/yarrawonga/,-36.029,146.030
081125,81,SHEPPARTON AIRPORT,1996,..,-36.4288,145.3949,GPS,VIC,113.9,114.5,94875,"Kialla, VIC ",/places/vic/M587/?location=Kialla,-36.429,145.395
082039,82,RUTHERGLEN RESEARCH,1913,..,-36.1048,146.5094,GPS,VIC,175.0,..,95837,"Unnamed location, VIC ",/places/vic/M5V4/?location=Unnamed location,-36.105,146.509
082042,82,STRATHBOGIE,1902,..,-36.8472,145.7307,GPS,VIC,501.0,..,95843,"Strathbogie, VIC ",/places/vic/strathbogie/,-36.847,145.731
082076,82,DARTMOUTH RESERVOIR,1918,..,-36.5352,147.4984,GPS,VIC,370.0,..,94888,"Dartmouth, VIC ",/places/vic/M793/?location=Dartmouth,-36.535,147.498
082138,82,WANGARATTA AERO,1987,..,-36.4205,146.3056,GPS,VIC,152.6,153.2,94889,"Laceby, VIC ",/places/vic/M5SK/?location=Laceby,-36.420,146.306
082139,82,HUNTERS HILL,1993,..,-36.2137,147.5395,GPS,VIC,981.0,..,94878,"Shelley, VIC ",/places/vic/shelley/,-36.214,147.540
082169,82,CORRYONG AIRPORT,2006,..,-36.1826,147.8942,GPS,VIC,290.0,..,94899,"Corryong, VIC ",/places/vic/corryong/,-36.183,147.894
082170,82,BENALLA AIRPORT,2006,..,-36.5522,145.9977,GPS,VIC,170.5,171.9,94884,"Benalla, VIC ",/places/vic/benalla/,-36.552,145.998
083024,83,MOUNT BULLER,1948,..,-37.1450,146.4394,GPS,VIC,1707.0,..,94894,"Mount Buller, VIC ",/places/vic/mount-buller/,-37.145,146.439
083083,83,EDI UPPER,1985,..,-36.7396,146.4671,GPS,VIC,355.0,..,95838,"Whitfield, VIC ",/places/vic/M5KV/?location=Whitfield,-36.740,146.467
083084,83,FALLS CREEK,1990,..,-36.8708,147.2755,GPS,VIC,1765.0,1770.8,94903,"Falls Creek, VIC ",/places/vic/falls-creek/,-36.871,147.275
083085,83,MOUNT HOTHAM,1990,..,-36.9772,147.1342,GPS,VIC,1849.0,..,94906,"Hotham Heights, VIC ",/places/vic/hotham-heights/,-36.977,147.134
083090,83,OMEO,2004,..,-37.1017,147.6008,GPS,VIC,689.8,690.4,94908,"Omeo, VIC ",/places/vic/omeo/,-37.102,147.601
084016,84,GABO ISLAND LIGHTHOUSE,1859,..,-37.5679,149.9158,GPS,VIC,15.0,15.0,94933,"Unnamed location, VIC ",/places/vic/MDGM/?location=Unnamed location,-37.568,149.916
084030,84,ORBOST (COMPARISON),1883,2011,-37.6917,148.4589,GPS,VIC,41.0,..,94917,"Orbost, VIC ",/places/vic/orbost/,-37.692,148.459
084070,84,POINT HICKS (LIGHTHOUSE),1962,2023,-37.8017,149.2747,GPS,VIC,27.0,..,94932,"Tamboon, VIC ",/places/vic/MDB8/?location=Tamboon,-37.802,149.275
084084,84,MALLACOOTA,1974,..,-37.5976,149.7289,GPS,VIC,22.0,22.5,94935,"Unnamed location, VIC ",/places/vic/MDFS/?location=Unnamed location,-37.598,149.729
084142,84,GELANTIPY,1992,..,-37.2200,148.2626,GPS,VIC,755.0,756.0,94913,"Gelantipy, VIC ",/places/vic/gelantipy/,-37.220,148.263
084143,84,COMBIENBAR AWS,1994,..,-37.3416,149.0227,GPS,VIC,640.0,641.0,94914,"Combienbar, VIC ",/places/vic/M7P9/?location=Combienbar,-37.342,149.023
084144,84,MOUNT NOWA NOWA,1995,..,-37.6924,148.0908,GPS,VIC,350.0,..,94930,"Nowa Nowa, VIC ",/places/vic/M6GF/?location=Nowa Nowa,-37.692,148.091
084145,84,ORBOST,2000,..,-37.6922,148.4667,GPS,VIC,62.7,63.3,95918,"Orbost, VIC ",/places/vic/orbost/,-37.692,148.467
084150,84,LAKES ENTRANCE (EASTERN BEACH ROAD),2006,..,-37.8717,148.0060,GPS,VIC,4.0,..,95904,"Lakes Entrance, VIC ",/places/vic/lakes-entrance/,-37.872,148.006
085072,85,EAST SALE,1943,..,-38.1156,147.1323,GPS,VIC,4.6,8.2,94907,"Unnamed location, VIC ",/places/vic/M4XD/?location=Unnamed location,-38.116,147.132
085096,85,WILSONS PROMONTORY LIGHTHOUSE,1872,..,-39.1297,146.4246,GPS,VIC,95.0,97.2,94893,"Wilsons Promontory, VIC ",/places/vic/wilsons-promontory/,-39.130,146.425
085099,85,POUND CREEK,2007,..,-38.6297,145.8107,.....,VIC,3.0,3.6,94886,"Venus Bay, VIC ",/places/vic/M44P/?location=Venus Bay,-38.630,145.811
085151,85,YARRAM AIRPORT,2007,..,-38.5647,146.7479,GPS,VIC,17.9,18.5,95890,"Yarram, VIC ",/places/vic/M4Q1/?location=Yarram,-38.565,146.748
085279,85,BAIRNSDALE AIRPORT,1942,..,-37.8818,147.5669,GPS,VIC,49.4,49.8,94912,"Forge Creek, VIC ",/places/vic/M69W/?location=Forge Creek,-37.882,147.567
085280,85,MORWELL (LATROBE VALLEY AIRPORT),1984,..,-38.2094,146.4746,GPS,VIC,55.7,56.3,94891,"Latrobe Valley, VIC ",/places/vic/latrobe-valley/,-38.209,146.475
085283,85,WILLOW GROVE (BLUE ROCK RESERVOIR),1986,2023,-38.0809,146.2139,GPS,VIC,161.0,..,94900,"Willow Grove, VIC ",/places/vic/M4EF/?location=Willow Grove,-38.081,146.214
085291,85,MOUNT BAW BAW,1991,..,-37.8384,146.2747,GPS,VIC,1561.0,..,95901,"Mount Baw Baw, VIC ",/places/vic/mount-baw-baw/,-37.838,146.275
085296,85,MOUNT MOORNAPA,1993,..,-37.7481,147.1428,GPS,VIC,480.0,..,95913,"Moornapa, VIC ",/places/vic/M4ZC/?location=Moornapa,-37.748,147.143
085301,85,CORNER INLET (YANAKIE),2013,..,-38.8051,146.1936,GPS,VIC,13.3,13.9,94911,"Yanakie, VIC ",/places/vic/yanakie/,-38.805,146.194
085313,85,NILMA NORTH (WARRAGUL),2014,..,-38.1321,145.9865,GPS,VIC,134.1,134.4,99806,"Unnamed location, VIC ",/places/vic/M4DC/?location=Unnamed location,-38.132,145.987
085314,85,EAST SALE AIRPORT,2017,..,-38.1016,147.1398,GPS,VIC,5.3,5.8,95907,"The Heart, VIC ",/places/vic/the-heart/,-38.102,147.140
086038,86,ESSENDON AIRPORT,1929,..,-37.7276,144.9066,GPS,VIC,78.4,78.8,95866,"Essendon, VIC ",/places/vic/essendon/,-37.728,144.907
086068,86,VIEWBANK,1999,..,-37.7408,145.0972,GPS,VIC,66.1,66.4,95874,"Bulleen, VIC ",/places/vic/bulleen/,-37.741,145.097
086071,86,MELBOURNE REGIONAL OFFICE,1908,2015,-37.8075,144.9700,GPS,VIC,31.2,32.2,94868,"Melbourne, VIC ",/places/vic/melbourne/,-37.807,144.970
086077,86,MOORABBIN AIRPORT,1950,..,-37.9800,145.0962,GPS,VIC,12.1,12.7,94870,"Mentone, VIC ",/places/vic/mentone/,-37.980,145.096
086104,86,SCORESBY RESEARCH INSTITUTE,1948,..,-37.8710,145.2561,GPS,VIC,80.0,..,95867,"Scoresby, VIC ",/places/vic/scoresby/,-37.871,145.256
086127,86,WONTHAGGI,1911,..,-38.6078,145.5965,GPS,VIC,53.0,33.0,95881,"Wonthaggi, VIC ",/places/vic/wonthaggi/,-38.608,145.596
086220,86,ST KILDA HARBOUR - RMYS,2006,..,-37.8640,144.9639,GPS,VIC,6.4,..,95864,"Port Melbourne, VIC ",/places/vic/KFWX/?location=Port Melbourne,-37.864,144.964
086266,86,FERNY CREEK,2011,..,-37.8748,145.3497,GPS,VIC,512.9,513.4,94872,"Mount Dandenong, VIC ",/places/vic/mount-dandenong/,-37.875,145.350
086282,86,MELBOURNE AIRPORT,1970,..,-37.6654,144.8322,GPS,VIC,113.4,115.7,94866,"Tullamarine, VIC ",/places/vic/tullamarine/,-37.665,144.832
086338,86,MELBOURNE (OLYMPIC PARK),2013,..,-37.8255,144.9816,.....,VIC,7.5,7.5,95936,"Port Melbourne, VIC ",/places/vic/KFWX/?location=Port Melbourne,-37.825,144.982
086344,86,SOUTH CHANNEL ISLAND,1975,..,-38.3065,144.8016,GPS,VIC,9.0,..,94853,"Unnamed location, VIC ",/places/vic/KFMY/?location=Unnamed location,-38.306,144.802
086351,86,BUNDOORA (LATROBE UNIVERSITY),1979,2021,-37.7163,145.0453,GPS,VIC,83.0,..,95873,"Watsonia, VIC ",/places/vic/watsonia/,-37.716,145.045
086354,86,PHILLIP ISLAND PENGUIN RESERVE,1981,2018,-38.5058,145.1503,GPS,VIC,7.0,..,94883,"Phillip Island, VIC ",/places/vic/phillip-island/,-38.506,145.150
086361,86,CERBERUS,1986,..,-38.3646,145.1785,GPS,VIC,12.7,13.7,94898,"Cerberus, VIC ",/places/vic/cerberus/,-38.365,145.179
086371,86,FRANKSTON BEACH,1990,..,-38.1480,145.1152,GPS,VIC,6.0,..,94871,"Frankston, VIC ",/places/vic/frankston/,-38.148,145.115
086373,86,RHYLL,1990,..,-38.4612,145.3101,.....,VIC,13.4,14.0,94892,"Rhyll, VIC ",/places/vic/rhyll/,-38.461,145.310
086375,86,CRANBOURNE BOTANIC GARDENS,1990,2020,-38.1348,145.2636,GPS,VIC,85.0,..,94879,"Cranbourne, VIC ",/places/vic/cranbourne/,-38.135,145.264
086376,86,FAWKNER BEACON,1988,..,-37.9483,144.9269,GPS,VIC,17.0,..,95872,"Unnamed location, VIC ",/places/vic/KFWM/?location=Unnamed location,-37.948,144.927
086383,86,COLDSTREAM,1994,..,-37.7239,145.4092,GPS,VIC,83.0,83.9,94864,"Coldstream, VIC ",/places/vic/M4BD/?location=Coldstream,-37.724,145.409
086388,86,FRANKSTON (BALLAM PARK),2020,..,-38.1517,145.1615,GPS,VIC,58.5,59.0,94876,"Frankston, VIC ",/places/vic/frankston/,-38.152,145.161
086397,86,MELBOURNE AIRPORT (SECONDARY),1997,..,-37.6602,144.8443,GPS,VIC,122.0,122.6,99014,"Tullamarine, VIC ",/places/vic/tullamarine/,-37.660,144.844
086400,86,MELBOURNE AIRPORT (MANUAL EVAPORATION CO,2023,..,-37.6654,144.8322,GPS,VIC,113.4,115.7,99179,"Tullamarine, VIC ",/places/vic/tullamarine/,-37.665,144.832
086404,86,MELBOURNE AIRPORT (AUTO EVAP),2024,..,-37.6654,144.8322,GPS,VIC,113.4,115.7,99353,"Tullamarine, VIC ",/places/vic/tullamarine/,-37.665,144.832
087031,87,LAVERTON RAAF,1941,..,-37.8565,144.7565,GPS,VIC,20.1,20.4,94865,"Laverton, VIC ",/places/vic/laverton/,-37.856,144.756
087046,87,SCOTSBURN (MOUNT BONINYONG),1856,..,-37.6719,143.9400,GPS,VIC,488.0,..,99843,"Scotsburn, VIC ",/places/vic/KFF7/?location=Scotsburn,-37.672,143.940
087113,87,AVALON AIRPORT,1965,..,-38.0288,144.4783,GPS,VIC,10.6,10.9,94854,"Avalon, VIC ",/places/vic/avalon/,-38.029,144.478
087166,87,POINT WILSON,1990,..,-38.0958,144.5361,GPS,VIC,18.0,..,94847,"Point Wilson, VIC ",/places/vic/KFSF/?location=Point Wilson,-38.096,144.536
087168,87,SHE OAKS,1990,..,-37.9075,144.1303,GPS,VIC,236.7,237.3,94863,"She Oaks, VIC ",/places/vic/she-oaks/,-37.907,144.130
087179,87,MELTON (MELBOURNE AIRPORT),2021,..,-37.6209,144.5689,GPS,VIC,208.0,..,99879,"Toolern Vale, VIC ",/places/vic/KFUU/?location=Toolern Vale,-37.621,144.569
087184,87,BREAKWATER (GEELONG RACECOURSE),2011,..,-38.1737,144.3765,GPS,VIC,12.9,13.4,94857,"Geelong, VIC ",/places/vic/geelong/,-38.174,144.376
087185,87,POINT COOK RAAF,2021,..,-37.9273,144.7566,SURVEY,VIC,3.1,3.9,95941,"Point Cook, VIC ",/places/vic/KFTV/?location=Point Cook,-37.927,144.757
088023,88,LAKE EILDON,1887,..,-37.2313,145.9124,GPS,VIC,230.0,..,94882,"Lake Eildon, VIC ",/places/vic/lake-eildon/,-37.231,145.912
088043,88,MARYBOROUGH,1878,..,-37.0560,143.7320,GPS,VIC,249.3,..,94849,"Maryborough, VIC ",/places/vic/maryborough/,-37.056,143.732
088051,88,REDESDALE,1903,..,-37.0194,144.5203,GPS,VIC,290.0,..,94859,"Redesdale, VIC ",/places/vic/redesdale/,-37.019,144.520
088109,88,MANGALORE AIRPORT,1957,..,-36.8886,145.1859,GPS,VIC,140.8,141.4,94874,"Avenel, VIC ",/places/vic/KGRD/?location=Avenel,-36.889,145.186
088110,88,CASTLEMAINE PRISON,1966,..,-37.0809,144.2391,GPS,VIC,330.0,..,95853,"Castlemaine, VIC ",/places/vic/castlemaine/,-37.081,144.239
088162,88,WALLAN (KILMORE GAP),1993,..,-37.3807,144.9654,GPS,VIC,527.8,528.4,94860,"Wallan, VIC ",/places/vic/wallan/,-37.381,144.965
088164,88,EILDON FIRE TOWER,1995,..,-37.2091,145.8423,GPS,VIC,637.0,..,94881,"Devils River, VIC ",/places/vic/M54K/?location=Devils River,-37.209,145.842
088166,88,PUCKAPUNYAL WEST (DEFENCE),2018,..,-37.0177,144.8546,GPS,VIC,293.0,..,94856,"Puckapunyal, VIC ",/places/vic/KGQ0/?location=Puckapunyal,-37.018,144.855
088167,88,PUCKAPUNYAL LYON HILL (DEFENCE),2018,..,-36.9381,145.0539,GPS,VIC,193.0,..,94858,"Northwood, VIC ",/places/vic/northwood/,-36.938,145.054
089002,89,BALLARAT AERODROME,1908,..,-37.5127,143.7911,GPS,VIC,435.2,435.6,94852,"Mitchell Park, VIC ",/places/vic/KFCW/?location=Mitchell Park,-37.513,143.791
089085,89,ARARAT PRISON,1969,..,-37.2769,142.9786,GPS,VIC,295.0,296.0,94834,"Ararat, VIC ",/places/vic/ararat/,-37.277,142.979
089112,89,WESTMERE,2006,..,-37.7067,142.9378,GPS,VIC,226.0,226.9,95840,"Westmere, VIC ",/places/vic/KDY4/?location=Westmere,-37.707,142.938
090015,90,CAPE OTWAY LIGHTHOUSE,1861,..,-38.8557,143.5130,GPS,VIC,80.0,81.0,94842,"Cape Otway, VIC ",/places/vic/cape-otway/,-38.856,143.513
090035,90,COLAC (MOUNT GELLIBRAND),2000,..,-38.2333,143.7924,GPS,VIC,261.0,262.0,95845,"Ombersley, VIC ",/places/vic/KF3X/?location=Ombersley,-38.233,143.792
090171,90,PORTLAND AIRPORT,1982,..,-38.3148,141.4705,GPS,VIC,80.9,81.5,94828,"Cashmore, VIC ",/places/vic/cashmore/,-38.315,141.470
090173,90,HAMILTON AIRPORT,1983,..,-37.6486,142.0636,GPS,VIC,241.1,241.7,94829,"Hensley Park, VIC ",/places/vic/KDF7/?location=Hensley Park,-37.649,142.064
090175,90,PORT FAIRY AWS,1990,..,-38.3906,142.2348,GPS,VIC,10.0,10.2,94830,"Port Fairy, VIC ",/places/vic/port-fairy/,-38.391,142.235
090176,90,MORTLAKE RACECOURSE,1990,..,-38.0737,142.7744,GPS,VIC,130.0,131.0,94840,"Unnamed location, VIC ",/places/vic/KDT7/?location=Unnamed location,-38.074,142.774
090180,90,AIREYS INLET,1990,..,-38.4583,144.0883,GPS,VIC,105.0,..,94846,"Aireys Inlet, VIC ",/places/vic/aireys-inlet/,-38.458,144.088
090182,90,CASTERTON,2005,..,-37.5830,141.3339,GPS,VIC,130.6,131.2,95825,"Unnamed location, VIC ",/places/vic/K6ZK/?location=Unnamed location,-37.583,141.334
090184,90,CAPE NELSON LIGHTHOUSE,1995,..,-38.4306,141.5437,GPS,VIC,45.4,46.6,94826,"Portland West, VIC ",/places/vic/KD27/?location=Portland West,-38.431,141.544
090186,90,WARRNAMBOOL AIRPORT NDB,1998,..,-38.2869,142.4524,GPS,VIC,70.8,71.4,94837,"Mailors Flat, VIC ",/places/vic/mailors-flat/,-38.287,142.452
090192,90,PORTLAND NTC AWS,1991,..,-38.3439,141.6136,GPS,VIC,0.0,1.3,95826,"Portland, VIC ",/places/vic/portland/,-38.344,141.614
090194,90,DARTMOOR,2009,..,-37.9222,141.2614,GPS,VIC,51.0,51.5,95822,"Dartmoor, VIC ",/places/vic/dartmoor/,-37.922,141.261
091009,91,BURNIE (ROUND HILL),1944,2018,-41.0661,145.9431,GPS,TAS,8.0,..,94958,"Round Hill, TAS ",/places/tas/round-hill/,-41.066,145.943
091030,91,ELLIOTT RESEARCH STATION,1914,2010,-41.0828,145.7725,GPS,TAS,155.0,..,99957,"Elliott, TAS ",/places/tas/elliott/,-41.083,145.773
091057,91,LOW HEAD (COMPARISON),1877,2001,-41.0567,146.7883,.....,TAS,28.0,29.9,94965,"Low Head, TAS ",/places/tas/low-head/,-41.057,146.788
091104,91,LAUNCESTON AIRPORT COMPARISON,1931,2009,-41.5397,147.2033,GPS,TAS,166.0,178.0,94968,"Evandale, TAS ",/places/tas/evandale/,-41.540,147.203
091107,91,WYNYARD AIRPORT,1947,..,-40.9964,145.7311,GPS,TAS,12.0,12.0,95957,"Wynyard, TAS ",/places/tas/wynyard/,-40.996,145.731
091126,91,DEVONPORT AIRPORT,1962,..,-41.1701,146.4289,GPS,TAS,8.0,9.5,95960,"Wesley Vale, TAS ",/places/tas/M0SV/?location=Wesley Vale,-41.170,146.429
091186,91,FORTHSIDE RESEARCH STATION,1966,..,-41.2039,146.2650,GPS,TAS,127.0,..,99960,"Forth, TAS ",/places/tas/forth/,-41.204,146.265
091219,91,SCOTTSDALE (WEST MINSTONE ROAD),1971,..,-41.1708,147.4883,GPS,TAS,197.5,198.0,94972,"Lietinna, TAS ",/places/tas/lietinna/,-41.171,147.488
091223,91,MARRAWAH,1971,..,-40.9089,144.7094,GPS,TAS,107.3,108.3,94950,"Marrawah, TAS ",/places/tas/marrawah/,-40.909,144.709
091237,91,LAUNCESTON (TI TREE BEND),1980,..,-41.4194,147.1219,GPS,TAS,5.0,..,94969,"Riverside, TAS ",/places/tas/riverside/,-41.419,147.122
091245,91,CAPE GRIM BAPS (COMPARISON),1985,2023,-40.6828,144.6900,GPS,TAS,94.0,92.5,94954,"Woolnorth, TAS ",/places/tas/KBVW/?location=Woolnorth,-40.683,144.690
091259,91,LUNCHEON HILL (FORESTRY),1989,..,-41.1492,145.1517,GPS,TAS,344.0,..,95956,"West Coast, TAS ",/places/tas/KBXM/?location=West Coast,-41.149,145.152
091291,91,SHEFFIELD SCHOOL FARM,1996,..,-41.3890,146.3173,GPS,TAS,277.3,277.9,94955,"Sheffield, TAS ",/places/tas/sheffield/,-41.389,146.317
091292,91,SMITHTON AERODROME,1996,..,-40.8347,145.0847,GPS,TAS,7.5,8.9,94953,"Mella, TAS ",/places/tas/KBZ5/?location=Mella,-40.835,145.085
091293,91,LOW HEAD,1997,..,-41.0547,146.7874,GPS,TAS,3.0,3.5,95964,"Low Head, TAS ",/places/tas/low-head/,-41.055,146.787
091306,91,CRESSY RESEARCH STATION,1999,2022,-41.7256,147.0794,GPS,TAS,148.0,..,95969,"Cressy, TAS ",/places/tas/cressy/,-41.726,147.079
091311,91,LAUNCESTON AIRPORT,2004,..,-41.5476,147.2156,GPS,TAS,166.9,167.4,95966,"Evandale, TAS ",/places/tas/evandale/,-41.548,147.216
091331,91,KENNAOOK/CAPE GRIM,2010,..,-40.6764,144.6922,GPS,TAS,86.0,87.0,95954,"Woolnorth, TAS ",/places/tas/KBVW/?location=Woolnorth,-40.676,144.692
091344,91,BURNIE NTC AWS,1992,..,-41.0500,145.9149,MAP 1:250 000,TAS,0.0,1.3,95963,"Burnie, TAS ",/places/tas/burnie/,-41.050,145.915
091375,91,CRESSY (BRUMBYS CREEK),2022,..,-41.7114,147.0820,GPS,TAS,152.0,..,95970,"Unnamed location, TAS ",/places/tas/M0RD/?location=Unnamed location,-41.711,147.082
092003,92,BICHENO (COUNCIL DEPOT),1917,..,-41.8739,148.3036,GPS,TAS,11.0,..,95989,"Bicheno, TAS ",/places/tas/bicheno/,-41.874,148.304
092012,92,FINGAL (LEGGE STREET),1882,2021,-41.6428,147.9664,GPS,TAS,237.0,..,95974,"Fingal, TAS ",/places/tas/fingal/,-41.643,147.966
092019,92,LAKE LEAKE (ELIZABETH RIVER),1890,..,-42.0067,147.7975,GPS,TAS,575.0,..,94979,"Lake Leake, TAS ",/places/tas/lake-leake/,-42.007,147.798
092027,92,ORFORD (AUBIN COURT),1951,..,-42.5519,147.8753,GPS,TAS,14.0,..,95984,"Orford, TAS ",/places/tas/orford/,-42.552,147.875
092045,92,LARAPUNA (EDDYSTONE POINT),1908,..,-40.9928,148.3467,GPS,TAS,19.7,20.9,94983,"Eddystone, TAS ",/places/tas/M2UB/?location=Eddystone,-40.993,148.347
092114,92,FRIENDLY BEACHES,1997,..,-41.9953,148.2794,GPS,TAS,55.0,56.0,94987,"Friendly Beaches, TAS ",/places/tas/friendly-beaches/,-41.995,148.279
092120,92,ST HELENS AERODROME,2001,..,-41.3381,148.2792,GPS,TAS,48.0,49.0,95981,"St Helens, TAS ",/places/tas/st-helens/,-41.338,148.279
092123,92,SWAN ISLAND,2001,..,-40.7292,148.1250,GPS,TAS,15.0,15.4,95985,"Unnamed location, TAS ",/places/tas/M2GV/?location=Unnamed location,-40.729,148.125
092124,92,MARIA ISLAND (POINT LESUEUR),2004,..,-42.6621,148.0179,GPS,TAS,28.0,28.2,95988,"Maria Island, TAS ",/places/tas/maria-island/,-42.662,148.018
092133,92,SPRING BAY NTC AWS,1991,..,-42.5464,147.9308,GPS,TAS,0.0,1.3,95987,"Triabunna, TAS ",/places/tas/JRG1/?location=Triabunna,-42.546,147.931
092148,92,SWANSEA (FRANCIS STREET),2011,..,-42.1381,148.0736,GPS,TAS,19.0,21.0,94981,"Unnamed location, TAS ",/places/tas/M259/?location=Unnamed location,-42.138,148.074
092163,92,FINGAL (FLEMING ST),2022,..,-41.6430,147.9800,GPS,TAS,255.0,..,95975,"Unnamed location, TAS ",/places/tas/M277/?location=Unnamed location,-41.643,147.980
093053,93,ROSS (THE BOULEVARDS),1993,..,-42.0250,147.4954,Unknown,TAS,186.0,..,94985,"Ross, TAS ",/places/tas/ross/,-42.025,147.495
094008,94,HOBART AIRPORT WEST,1958,..,-42.8339,147.5033,GPS,TAS,4.0,27.4,94975,"Seven Mile Beach, TAS ",/places/tas/seven-mile-beach/,-42.834,147.503
094010,94,CAPE BRUNY LIGHTHOUSE,1871,..,-43.4892,147.1453,GPS,TAS,55.0,56.2,94967,"South Bruny, TAS ",/places/tas/JPPY/?location=South Bruny,-43.489,147.145
094020,94,DOVER,1901,..,-43.3330,146.9980,MAP 1:25 000,TAS,20.0,..,94961,"Strathblane, TAS ",/places/tas/strathblane/,-43.333,146.998
094029,94,HOBART (ELLERSLIE ROAD),1882,..,-42.8897,147.3278,GPS,TAS,50.5,51.4,94970,"Hobart, TAS ",/places/tas/hobart/,-42.890,147.328
094041,94,MAATSUYKER ISLAND LIGHTHOUSE,1891,..,-43.6578,146.2711,SURVEY,TAS,146.5,147.6,94962,"Unnamed location, TAS ",/places/tas/JPH5/?location=Unnamed location,-43.658,146.271
094069,94,GROVE (COMPARISON),1952,2010,-42.9830,147.0771,GPS,TAS,63.0,..,95971,"Grove, TAS ",/places/tas/grove/,-42.983,147.077
094087,94,KUNANYI (MOUNT WELLINGTON PINNACLE),1961,..,-42.8950,147.2358,GPS,TAS,1260.5,..,95979,"kunanyi/Mount Wellington, TAS ",/places/tas/kunanyi-mount-wellington/,-42.895,147.236
094137,94,GEEVESTON (CEMETERY ROAD),1971,2021,-43.1647,146.9175,MAP 1:5 000,TAS,55.0,..,94966,"Geeveston, TAS ",/places/tas/geeveston/,-43.165,146.917
094155,94,TASMAN ISLAND,1977,..,-43.2397,148.0025,GPS,TAS,240.0,241.0,95986,"Cape Pillar, TAS ",/places/tas/JR77/?location=Cape Pillar,-43.240,148.002
094177,94,RICHMOND (STRATHAYR),1988,..,-42.7578,147.3817,GPS,TAS,85.0,..,99974,"Unnamed location, TAS ",/places/tas/JR8V/?location=Unnamed location,-42.758,147.382
094191,97,HARTZ MOUNTAIN (KEOGHS PIMPLE),1994,..,-43.2006,146.7683,GPS,TAS,831.0,..,94977,"Southwest, TAS ",/places/tas/JPQH/?location=Southwest,-43.201,146.768
094195,94,TUNNACK FIRE STATION,1997,..,-42.4543,147.4612,GPS,TAS,461.5,462.0,94960,"Tunnack, TAS ",/places/tas/tunnack/,-42.454,147.461
094198,94,CAPE BRUNY (CAPE BRUNY),1997,..,-43.4886,147.1444,GPS,TAS,59.7,60.2,95967,"South Bruny, TAS ",/places/tas/JPPY/?location=South Bruny,-43.489,147.144
094201,94,MELTON MOWBRAY (NORTH STOCKMAN),1996,2021,-42.4928,147.1981,GPS,TAS,238.0,..,94971,"Kempton, TAS ",/places/tas/JRB4/?location=Kempton,-42.493,147.198
094212,94,CAMPANIA (KINCORA),2000,..,-42.6867,147.4258,GPS,TAS,45.0,..,95972,"Campania, TAS ",/places/tas/campania/,-42.687,147.426
094220,94,GROVE (RESEARCH STATION),2004,..,-42.9844,147.0756,GPS,TAS,65.0,..,95977,"Grove, TAS ",/places/tas/grove/,-42.984,147.076
094250,94,HOBART AIRPORT,2017,..,-42.8333,147.5119,GPS,TAS,2.2,2.2,94619,"Seven Mile Beach, TAS ",/places/tas/seven-mile-beach/,-42.833,147.512
094254,94,DUNALLEY (STROUD POINT),2012,..,-42.9017,147.7894,GPS,TAS,12.4,12.7,94951,"Dunalley, TAS ",/places/tas/JRD6/?location=Dunalley,-42.902,147.789
094255,94,DENNES POINT,2012,..,-43.0639,147.3567,GPS,TAS,5.7,7.1,94988,"Tinderbox, TAS ",/places/tas/tinderbox/,-43.064,147.357
094256,94,HOBART (MT KOONYA),2012,..,-43.1122,147.8061,SURVEY,TAS,..,..,99099,"Koonya, TAS ",/places/tas/koonya/,-43.112,147.806
094275,94,CLIFTON BEACH (CAPE DESLACS),2022,..,-42.9677,147.5342,.....,TAS,10.1,..,94005,"Sandford, TAS ",/places/tas/sandford/,-42.968,147.534
094280,94,GROVE (RESEARCH STATION) (AUTO EVAP),2024,..,-42.9844,147.0756,GPS,TAS,65.0,..,99354,"Grove, TAS ",/places/tas/grove/,-42.984,147.076
095003,95,BUSHY PARK (BUSHY PARK ESTATES),1874,..,-42.7097,146.8983,GPS,TAS,27.0,..,94964,"Gretna, TAS ",/places/tas/JPWY/?location=Gretna,-42.710,146.898
095048,95,OUSE FIRE STATION,1973,..,-42.4842,146.7106,GPS,TAS,90.0,91.3,94957,"Ouse, TAS ",/places/tas/ouse/,-42.484,146.711
095063,95,MAYDENA POST OFFICE,1992,2023,-42.7567,146.6239,GPS,TAS,281.0,..,94963,"Maydena, TAS ",/places/tas/maydena/,-42.757,146.624
096003,96,BUTLERS GORGE,1941,..,-42.2753,146.2758,GPS,TAS,667.0,..,94959,"Butlers Gorge, TAS ",/places/tas/JPUN/?location=Butlers Gorge,-42.275,146.276
096033,96,LIAWENEE,2001,..,-41.8997,146.6694,GPS,TAS,1057.0,1056.0,95959,"Liawenee, TAS ",/places/tas/liawenee/,-41.900,146.669
096065,96,LIAWENEE COMPARISON,1984,2009,-41.8983,146.6672,GPS,TAS,1065.0,..,95955,"Liawenee, TAS ",/places/tas/liawenee/,-41.898,146.667
096071,96,LAKE ST CLAIR NATIONAL PARK,1989,..,-42.1177,146.1771,GPS,TAS,742.0,..,94976,"Lake St Clair, TAS ",/places/tas/lake-st-clair/,-42.118,146.177
097000,97,CAPE SORELL,1899,..,-42.1986,145.1700,GPS,TAS,19.3,19.5,94974,"Macquarie Heads, TAS ",/places/tas/macquarie-heads/,-42.199,145.170
097024,97,WARRA,2004,..,-43.0609,146.7040,GPS,TAS,495.0,..,95962,"Southwest, TAS ",/places/tas/JPMZ/?location=Southwest,-43.061,146.704
097053,97,STRATHGORDON VILLAGE,1968,2021,-42.7681,146.0461,GPS,TAS,322.0,..,95953,"Strathgordon, TAS ",/places/tas/strathgordon/,-42.768,146.046
097072,97,STRAHAN AERODROME,1976,..,-42.1550,145.2908,SURVEY,TAS,21.0,22.0,94956,"Strahan, TAS ",/places/tas/strahan/,-42.155,145.291
097080,97,LOW ROCKY POINT,1992,..,-42.9831,145.5025,GPS,TAS,34.0,34.5,95961,"Southwest, TAS ",/places/tas/JP8B/?location=Southwest,-42.983,145.502
097083,97,SCOTTS PEAK DAM,1992,..,-43.0425,146.2722,GPS,TAS,408.0,..,95958,"Southwest, TAS ",/places/tas/JPKP/?location=Southwest,-43.042,146.272
097085,97,MOUNT READ,1996,..,-41.8444,145.5417,GPS,TAS,1119.5,1120.0,95952,"West Coast, TAS ",/places/tas/M01P/?location=West Coast,-41.844,145.542
098017,98,KING ISLAND AIRPORT,1962,..,-39.8804,143.8857,GPS,TAS,35.4,35.9,94850,"Loorana, TAS ",/places/tas/KC6N/?location=Loorana,-39.880,143.886
099005,99,FLINDERS ISLAND AIRPORT,1942,..,-40.0911,148.0024,GPS,TAS,9.0,9.5,94980,"Whitemark, TAS ",/places/tas/whitemark/,-40.091,148.002
109504,09A,ESPERANCE NTC AWS,1992,..,-33.8707,121.8971,GPS,WA,0.0,1.2,95648,"Esperance, WA ",/places/wa/esperance/,-33.871,121.897
109521,09A,WITCHCLIFFE WEST,2022,..,-34.0258,115.0637,SURVEY,WA,84.5,85.2,95641,"Forest Grove, WA ",/places/wa/3J17/?location=Forest Grove,-34.026,115.064
109789,09A,ESPERANCE (AUTO EVAP),2024,..,-33.8300,121.8925,GPS,WA,25.0,27.0,99297,"Esperance, WA ",/places/wa/esperance/,-33.830,121.892
109999,09A,ALBANY AIRPORT (AUTO EVAP),2024,..,-34.9411,117.8158,SURVEY,WA,68.4,70.0,99298,"Willyung, WA ",/places/wa/3KSC/?location=Willyung,-34.941,117.816
140007,40,REDLAND (ALEXANDRA HILLS),2015,..,-27.5433,153.2394,GPS,QLD,50.5,..,94561,"Thornlands, QLD ",/places/qld/thornlands/,-27.543,153.239
140008,40,CANUNGRA (DEFENCE),2018,..,-28.0437,153.1871,SURVEY,QLD,108.1,..,94418,"Witheren, QLD ",/places/qld/witheren/,-28.044,153.187
140009,40,GREENBANK (DEFENCE),2018,..,-27.6932,152.9935,SURVEY,QLD,41.5,..,94419,"Greenbank, QLD ",/places/qld/W106/?location=Greenbank,-27.693,152.994
140010,40,TIN CAN BAY (DEFENCE),2018,..,-25.9351,152.9647,SURVEY,QLD,31.3,..,94420,"Tin Can Bay, QLD ",/places/qld/W40J/?location=Tin Can Bay,-25.935,152.965
140842,40,BRISBANE AERO (AUTO EVAP),2024,..,-27.3917,153.1292,GPS,QLD,4.5,9.5,99347,"Brisbane Airport, QLD ",/places/qld/brisbane-airport/,-27.392,153.129
200001,200,MIDDLE PERCY ISLAND,1999,..,-21.6628,150.2711,GPS,QLD,208.7,209.4,94372,"The Percy Group, QLD ",/places/qld/TSUG/?location=The Percy Group,-21.663,150.271
200731,14GA,POINT FAWCETT,1971,..,-11.7628,130.0300,.....,NT,6.5,7.5,94122,"Tiwi Islands, NT ",/places/nt/G501/?location=Tiwi Islands,-11.763,130.030
200735,200,ADELE ISLAND,1972,..,-15.5114,123.1556,GPS,WA,4.6,5.5,94210,"Unnamed location, WA ",/places/wa/F0EN/?location=Unnamed location,-15.511,123.156
200786,14BC,CAPE WESSEL,1968,..,-11.0047,136.7586,GPS,NT,18.0,19.2,94147,"East Arnhem, NT ",/places/nt/GGS0/?location=East Arnhem,-11.005,136.759
200838,99,HOGAN ISLAND,1988,..,-39.2225,146.9841,GPS,TAS,116.0,117.0,94949,"Unnamed location, VIC ",/places/vic/M1ZH/?location=Unnamed location,-39.222,146.984
200896,40,NORTH WEST 10 BEACON,2021,..,-27.0000,153.2420,GPS,QLD,7.0,..,99496,"Unnamed location, QLD ",/places/qld/W192/?location=Unnamed location,-27.000,153.242
200897,40,HOPE BANKS BEACON,2021,..,-27.4344,153.2904,Unknown,QLD,7.0,..,99497,"Moreton Bay, QLD ",/places/qld/W11X/?location=Moreton Bay,-27.434,153.290
